1200     0.002600326668
1199.5   0.002841432812
1199     0.002771764994
1198.5   0.002391498536
1198     0.002576030558
1197.5   0.002413337352
1197     0.002693278249
1196.5   0.002668951172
1196     0.002692757407
1195.5   0.002486358164
1195     0.002783123637
1194.5   0.002798807574
1194     0.002643818036
1193.5   0.002656840021
1193     0.002698071068
1192.5   0.00282783201
1192     0.002830333309
1191.5   0.002748683793
1191     0.002952314913
1190.5   0.002995424438
1190     0.002754623303
1189.5   0.002826685552
1189     0.002929979935
1188.5   0.002800136339
1188     0.002742796438
1187.5   0.002913483419
1187     0.002978352131
1186.5   0.002852324396
1186     0.002913743956
1185.5   0.002922865096
1185     0.0029588826
1184.5   0.003010698827
1184     0.002885235008
1183.5   0.003067526501
1183     0.002998786746
1182.5   0.002977492055
1182     0.002990993438
1181.5   0.003058871487
1181     0.003051754786
1180.5   0.002828639699
1180     0.003025504528
1179.5   0.002973712748
1179     0.002968708519
1178.5   0.002878017025
1178     0.003268829314
1177.5   0.00284088566
1177     0.003115418833
1176.5   0.002875385107
1176     0.00298578036
1175.5   0.003191765165
1175     0.003353811335
1174.5   0.002872779267
1174     0.003174893791
1173.5   0.002931465395
1173     0.003112994134
1172.5   0.003341420321
1172     0.003294129157
1171.5   0.00345848361
1171     0.00328124431
1170.5   0.003404735588
1170     0.003377237823
1169.5   0.003475705395
1169     0.003467851086
1168.5   0.003524190513
1168     0.003459736006
1167.5   0.003517927369
1167     0.003514743643
1166.5   0.003510437673
1166     0.003523433814
1165.5   0.003286513034
1165     0.003458092222
1164.5   0.003614129731
1164     0.003727219533
1163.5   0.003617027076
1163     0.003647933481
1162.5   0.003616870381
1162     0.003546216991
1161.5   0.003758760402
1161     0.00359058613
1160.5   0.00359254377
1160     0.003765888745
1159.5   0.003611858934
1159     0.003652371233
1158.5   0.003606142476
1158     0.00373578351
1157.5   0.003701607231
1157     0.003765366506
1156.5   0.003812082345
1156     0.003766828915
1155.5   0.003510985756
1155     0.003656991757
1154.5   0.00342477276
1154     0.003721162211
1153.5   0.003829448717
1153     0.003815425094
1152.5   0.00390558131
1152     0.003706802847
1151.5   0.003777848091
1151     0.003980264068
1150.5   0.004098518752
1150     0.003804483218
1149.5   0.004267988261
1149     0.003911745735
1148.5   0.004104607739
1148     0.003768552328
1147.5   0.004318862688
1147     0.003998002969
1146.5   0.004210767802
1146     0.003644644283
1145.5   0.003886879887
1145     0.003752311226
1144.5   0.004023031797
1144     0.003663909622
1143.5   0.003832686925
1143     0.003564068349
1142.5   0.003877085401
1142     0.003558979137
1141.5   0.003659315174
1141     0.003655530047
1140.5   0.003852378344
1140     0.003454517573
1139.5   0.003599304007
1139     0.003674717387
1138.5   0.003581111552
1138     0.003585418221
1137.5   0.00371755939
1137     0.003486586502
1136.5   0.003692626487
1136     0.003497781232
1135.5   0.003691503778
1135     0.003396152053
1134.5   0.003395864973
1134     0.00326708192
1133.5   0.00336458534
1133     0.003292381763
1132.5   0.003269742243
1132     0.003354802728
1131.5   0.003429834498
1131     0.00323721976
1130.5   0.003695106599
1130     0.00333432504
1129.5   0.003448490053
1129     0.003209419781
1128.5   0.003189679235
1128     0.003090755083
1127.5   0.003266456071
1127     0.003387360135
1126.5   0.003216147888
1126     0.003495015204
1125.5   0.003316196147
1125     0.003307901323
1124.5   0.003401343944
1124     0.003235915676
1123.5   0.003235081211
1123     0.00325732748
1122.5   0.003235993907
1122     0.003162012435
1121.5   0.003428764874
1121     0.003383785952
1120.5   0.003380133538
1120     0.003253076458
1119.5   0.00315997866
1119     0.003335629357
1118.5   0.003514534794
1118     0.003359107068
1117.5   0.003033324843
1117     0.003287086962
1116.5   0.003316587303
1116     0.003380629234
1115.5   0.003302110825
1115     0.003366724355
1114.5   0.002955885371
1114     0.003227335634
1113.5   0.002974755364
1113     0.003482907312
1112.5   0.003175858641
1112     0.00334035093
1111.5   0.002820224036
1111     0.003212131793
1110.5   0.003237402299
1110     0.003366098274
1109.5   0.003081395756
1109     0.003197476268
1108.5   0.003280096687
1108     0.003285235027
1107.5   0.00303267315
1107     0.003207437694
1106.5   0.003207463771
1106     0.00324976421
1105.5   0.00342683401
1105     0.003345150733
1104.5   0.003677980741
1104     0.003258422948
1103.5   0.003534055315
1103     0.003415797604
1102.5   0.003341681324
1102     0.00318550691
1101.5   0.003512499388
1101     0.003337794449
1100.5   0.003039450618
1100     0.003334116424
1099.5   0.003353393869
1099     0.003328195075
1098.5   0.003530297196
1098     0.003439201275
1097.5   0.003702599322
1097     0.003470225492
1096.5   0.003514560871
1096     0.003326656064
1095.5   0.003587741172
1095     0.003398917615
1094.5   0.003498094389
1094     0.003351750551
1093.5   0.003588184947
1093     0.003410631791
1092.5   0.003698683344
1092     0.003450499149
1091.5   0.003442358458
1091     0.003327960381
1090.5   0.003541936865
1090     0.003349585459
1089.5   0.003921775613
1089     0.003351411317
1088.5   0.003404474584
1088     0.00328646088
1087.5   0.003389942925
1087     0.003389734076
1086.5   0.003540318692
1086     0.003418667708
1085.5   0.003594605718
1085     0.003387125209
1084.5   0.003524086205
1084     0.003402074333
1083.5   0.003607160412
1083     0.003331064479
1082.5   0.003521920182
1082     0.003431243356
1081.5   0.003511846997
1081     0.003460492706
1080.5   0.003123657778
1080     0.003331168788
1079.5   0.003315335372
1079     0.003519388847
1078.5   0.003212079639
1078     0.00347771449
1077.5   0.003372463631
1077     0.003519571386
1076.5   0.003327516839
1076     0.003556499723
1075.5   0.003323238809
1075     0.003503496293
1074.5   0.0036042633
1074     0.003574064467
1073.5   0.003825505264
1073     0.0035341857
1072.5   0.003897301387
1072     0.003543372266
1071.5   0.003698657267
1071     0.003529044567
1070.5   0.003787144087
1070     0.003479854204
1069.5   0.003603871679
1069     0.003525495529
1068.5   0.003848539433
1068     0.003548878944
1067.5   0.003603114747
1067     0.003427355783
1066.5   0.003663491923
1066     0.003588759108
1065.5   0.003514352255
1065     0.003520380473
1064.5   0.003707899246
1064     0.00361572206
1063.5   0.003729961114
1063     0.003446454881
1062.5   0.003527113469
1062     0.003697142936
1061.5   0.00360366283
1061     0.0036122764
1060.5   0.003458066145
1060     0.00353121059
1059.5   0.003374655033
1059     0.003586436156
1058.5   0.003540240461
1058     0.003533977084
1057.5   0.003632062348
1057     0.003637648653
1056.5   0.003734921804
1056     0.003480689367
1055.5   0.003969396465
1055     0.003599173389
1054.5   0.003855434014
1054     0.003580902703
1053.5   0.003751971759
1053     0.003708395408
1052.5   0.003750144038
1052     0.003587088548
1051.5   0.003881029319
1051     0.003795604687
1050.5   0.003534994787
1050     0.003605176695
1049.5   0.00383618637
1049     0.003767325077
1048.5   0.003709230805
1048     0.003685499309
1047.5   0.003376272507
1047     0.0037047402
1046.5   0.00347053865
1046     0.003618619405
1045.5   0.003459162079
1045     0.003450446995
1044.5   0.003729308257
1044     0.003787692403
1043.5   0.003990609664
1043     0.003654851113
1042.5   0.003841905855
1042     0.00388016738
1041.5   0.004065855872
1041     0.003767325077
1040.5   0.003743773093
1040     0.00364923873
1039.5   0.004093135707
1039     0.003886618651
1038.5   0.003908793908
1038     0.003693070263
1037.5   0.003755209502
1037     0.003769596573
1036.5   0.003837962402
1036     0.003704296425
1035.5   0.003714870196
1035     0.003686569631
1034.5   0.003956543747
1034     0.003974281717
1033.5   0.003568009473
1033     0.003689911216
1032.5   0.003807721427
1032     0.00378226093
1031.5   0.003608909203
1031     0.003795500146
1030.5   0.004076594952
1030     0.003753694938
1029.5   0.003930970561
1029     0.003863190766
1028.5   0.00411992101
1028     0.003744817339
1027.5   0.003844647901
1027     0.003920835443
1026.5   0.003617575159
1026     0.003862093901
1025.5   0.003866586136
1025     0.003866168205
1024.5   0.003879044205
1024     0.00394249009
1023.5   0.004033299629
1023     0.003922820557
1022.5   0.00412702933
1022     0.003967489582
1021.5   0.003789964132
1021     0.003857053351
1020.5   0.004393956624
1020     0.004000145011
1019.5   0.003805736778
1019     0.0040372191
1018.5   0.003895472968
1018     0.0039266604
1017.5   0.003774218494
1017     0.003864392173
1016.5   0.004205984529
1016     0.003918510862
1015.5   0.00432030065
1015     0.00392958615
1014.5   0.003750927281
1014     0.003934653476
1013.5   0.004071656615
1013     0.003926843405
1012.5   0.004231182393
1012     0.004027917515
1011.5   0.004121488892
1011     0.003971460275
1010.5   0.004188707564
1010     0.00400448218
1009.5   0.004021908157
1009     0.003898476716
1008.5   0.00417908933
1008     0.003998159897
1007.5   0.004110278096
1007     0.004172764719
1006.5   0.003924831748
1006     0.003932824824
1005.5   0.004189935979
1005     0.004126715474
1004.5   0.004220073111
1004     0.004070977215
1003.5   0.004207265098
1003     0.004069069866
1002.5   0.004579551052
1002     0.004219445866
1001.5   0.004228359088
1001     0.004148589447
1000.5   0.004061910324
1000     0.004085270222
999.5    0.004365271889
999      0.004146472551
998.5    0.00411459012
998      0.004191060085
997.5    0.004438857082
997      0.004168504383
996.5    0.004405357875
996      0.004302888643
995.5    0.004387916066
995      0.004319699015
994.5    0.004248565063
994      0.004261217546
993.5    0.004568249919
993      0.004458000883
992.5    0.004268746357
992      0.004265687428
991.5    0.004486403894
991      0.004365742672
990.5    0.004447957966
990      0.004426199943
989.5    0.004604560789
989      0.004278104752
988.5    0.004340353888
988      0.004539658315
987.5    0.004707912914
987      0.00443124678
986.5    0.004148093052
986      0.004411136732
985.5    0.004455751739
985      0.004431534559
984.5    0.004855133127
984      0.004544628318
983.5    0.004581826739
983      0.004526814912
982.5    0.004638651386
982      0.004704851191
981.5    0.004765617196
981      0.004433129914
980.5    0.004332876299
980      0.004560559057
979.5    0.004630906973
979      0.004588733427
978.5    0.004484729841
978      0.004532490857
977.5    0.004889897536
977      0.00473484071
976.5    0.004549389239
976      0.004693625029
975.5    0.004533485044
975      0.004679442849
974.5    0.004835919943
974      0.004750071559
973.5    0.004858248401
973      0.004670258611
972.5    0.004822884221
972      0.004745230079
971.5    0.004781294148
971      0.004707598593
970.5    0.004598909989
970      0.004804719239
969.5    0.004629860166
969      0.004836940672
968.5    0.005139063112
968      0.004973338451
967.5    0.004736384377
967      0.004883483984
966.5    0.005299164914
966      0.005073897075
965.5    0.005053783301
965      0.00489107566
964.5    0.004568354227
964      0.004821863491
963.5    0.005096840207
963      0.005030345172
962.5    0.004994574469
962      0.004941368941
961.5    0.005192921497
961      0.00496019423
960.5    0.005579320714
960      0.005029087886
959.5    0.00494225882
959      0.004996302538
958.5    0.004813618492
958      0.004924586508
957.5    0.005211600568
957      0.00499800453
956.5    0.005038201343
956      0.005114153028
955.5    0.005144511349
955      0.005043412559
954.5    0.005187655799
954      0.004967446905
953.5    0.00480375113
953      0.004951030016
952.5    0.005159599707
952      0.005170575809
951.5    0.004902149551
951      0.005140136927
950.5    0.005231747869
950      0.005009159911
949.5    0.004713957664
949      0.005137046333
948.5    0.005116301123
948      0.005106111988
947.5    0.005507849157
947      0.005195488688
946.5    0.005098752212
946      0.005218307488
945.5    0.005227555986
945      0.005066642538
944.5    0.005288211629
944      0.00516297901
943.5    0.005026312079
943      0.005096499808
942.5    0.005498778541
942      0.005175552797
941.5    0.005231564399
941      0.005264708307
940.5    0.005281608552
940      0.005211548414
939.5    0.005343608558
939      0.005147183314
938.5    0.005051478744
938      0.00510427868
937.5    0.005524051376
937      0.005285748746
936.5    0.005168820731
936      0.005268743262
935.5    0.005375503097
935      0.00521120755
934.5    0.005180949345
934      0.005194781348
933.5    0.005458905827
933      0.005325369071
932.5    0.005133352708
932      0.005528822541
931.5    0.005543059204
931      0.00521875266
930.5    0.00518123759
930      0.005220639054
929.5    0.005222053733
929      0.005532309879
928.5    0.005682380404
928      0.005474345759
927.5    0.005323954392
927      0.005474345759
926.5    0.005607141647
926      0.00540700648
925.5    0.005245555192
925      0.005265363026
924.5    0.00561039336
924      0.005467792507
923.5    0.005270262714
923      0.005383575335
922.5    0.005927854683
922      0.005588996224
921.5    0.00529224705
921      0.005435000174
920.5    0.00565187959
920      0.005491673946
919.5    0.005381032825
919      0.005539414939
918.5    0.005960080773
918      0.005693422165
917.5    0.005502815824
917      0.00548048038
916.5    0.005211731419
916      0.005571428686
915.5    0.005396889523
915      0.00542417448
914.5    0.005746719427
914      0.005492617842
913.5    0.005967297591
913      0.005614431575
912.5    0.005527538247
912      0.00583449658
911.5    0.006074754521
911      0.005732791498
910.5    0.005393272731
910      0.005721984897
909.5    0.005744699854
909      0.005602107383
908.5    0.005742968526
908      0.005636984017
907.5    0.00586033985
907      0.005874009803
906.5    0.00608701352
906      0.005715348758
905.5    0.005507193971
905      0.005908173975
904.5    0.006024198607
904      0.006024854723
903.5    0.005723270122
903      0.005876633804
902.5    0.005461658351
902      0.005893059541
901.5    0.00611481443
901      0.005960212089
900.5    0.005607928615
900      0.005926962476
899.5    0.005710548721
899      0.006115418393
898.5    0.005939059891
898      0.005959949456
897.5    0.005708896555
897      0.005974540953
896.5    0.006006875541
896      0.005994224921
895.5    0.006067089271
895      0.006266294513
894.5    0.006148078479
894      0.006250800099
893.5    0.005964148324
893      0.006068034098
892.5    0.006213799585
892      0.006113764364
891.5    0.005988792051
891      0.006205344573
890.5    0.006374219432
890      0.006085359957
889.5    0.006013647188
889      0.006349475123
888.5    0.006317430176
888      0.006370462943
887.5    0.006556851789
887      0.006232076325
886.5    0.00665988028
886      0.006484535523
885.5    0.006211594213
885      0.006355332676
884.5    0.006261987612
884      0.006336367689
883.5    0.006352311932
883      0.006542818621
882.5    0.006118359044
882      0.006526368205
881.5    0.00618730532
881      0.006405033637
880.5    0.006469427608
880      0.006398439873
879.5    0.00647121435
879      0.006315355189
878.5    0.006589912809
878      0.006483458448
877.5    0.00650726445
877      0.006664375309
876.5    0.006197939627
876      0.006518379785
875.5    0.006711167283
875      0.006756255403
874.5    0.006524134427
874      0.006805844605
873.5    0.006614723243
873      0.006713980343
872.5    0.00660218671
872      0.006757754367
871.5    0.006799192168
871      0.006789620966
870.5    0.006891653407
870      0.006740086246
869.5    0.006849943195
869      0.007014438976
868.5    0.007018095814
868      0.006803031079
867.5    0.006532438565
867      0.006878950633
866.5    0.006963168737
866      0.006957303267
865.5    0.006697891746
865      0.006985764951
864.5    0.006925029214
864      0.006907118019
863.5    0.006792171858
863      0.007151417434
862.5    0.007127576042
862      0.007246322464
861.5    0.006990631577
861      0.007172733545
860.5    0.007322187535
860      0.00717078615
859.5    0.007218764629
859      0.007004047744
858.5    0.007149338257
858      0.007113181986
857.5    0.007078133989
857      0.007455918472
856.5    0.007147785742
856      0.007321476471
855.5    0.007151785772
855      0.007270249072
854.5    0.007313631475
854      0.007456708234
853.5    0.007227081805
853      0.007347513922
852.5    0.007339984179
852      0.007405412383
851.5    0.007385374513
851      0.00759311486
850.5    0.007663033437
850      0.007630338427
849.5    0.007419367786
849      0.007589268964
848.5    0.00751438411
848      0.007663217839
847.5    0.007389429491
847      0.007710671052
846.5    0.007679105271
846      0.007612213492
845.5    0.007719366811
845      0.007678920869
844.5    0.007581471466
844      0.007809757255
843.5    0.007735888474
843      0.007805962116
842.5    0.007741738576
842      0.007845601998
841.5    0.007786327507
841      0.007814580575
840.5    0.007809441071
840      0.007851296104
839.5    0.007675416768
839      0.007959272712
838.5    0.007676576264
838      0.00804441236
837.5    0.00790454261
837      0.00785266608
836.5    0.007911765948
836      0.007974221371
835.5    0.008121340536
835      0.008101427928
834.5    0.008054512553
834      0.008079406805
833.5    0.008294497617
833      0.007989513688
832.5    0.007995182648
832      0.008280223235
831.5    0.008085393347
831      0.008113586344
830.5    0.008194720373
830      0.0080568064
829.5    0.007948700339
829      0.008367616683
828.5    0.008002275601
828      0.008316872641
827.5    0.008155892603
827      0.008271517232
826.5    0.00806922745
826      0.008553544991
825.5    0.008044939488
825      0.008489131927
824.5    0.008453233168
824      0.008346796036
823.5    0.008285869844
823      0.00861519482
822.5    0.008219650015
822      0.008642842062
821.5    0.008340251632
821      0.008750196546
820.5    0.00829133112
820      0.008704451844
819.5    0.008329987526
819      0.008909573779
818.5    0.008329987526
818      0.008897975087
817.5    0.008607327007
817      0.008946250193
816.5    0.008208095096
816      0.009192069992
815.5    0.008399470709
815      0.00880503282
814.5    0.008896283805
814      0.008783768862
813.5    0.008422009647
813      0.009340342134
812.5    0.008564976975
812      0.008978991769
811.5    0.009157118388
811      0.008947703987
810.5    0.008505919948
810      0.009514489211
809.5    0.008566850796
809      0.009445673786
808.5    0.008870418184
808      0.00956442114
807.5    0.008497103117
807      0.009654799476
806.5    0.008927620947
806      0.009955101646
805.5    0.00934592355
805      0.009769658558
804.5    0.009224222042
804      0.01014645398
803.5    0.008945167065
803      0.01028516609
802.5    0.009623224847
802      0.00956704095
801.5    0.009661310352
801      0.009534784593
800.5    0.009119261056
800      0.01067715883
799.5    0.009391206317
799      0.009625094009
798.5    0.009711908179
798      0.009509814899
797.5    0.009891711179
797      0.009580491109
796.5    0.009648666719
796      0.009831037369
795.5    0.009564351289
795      0.009851653129
794.5    0.009736046199
794      0.009780264459
793.5    0.009880986999
793      0.009672534649
792.5    0.009854888539
792      0.009805476289
791.5    0.009766362609
791      0.009822079909
790.5    0.010072096249
790      0.009930943139
789.5    0.010219906459
789      0.010108348909
788.5    0.009930782949
788      0.009982242249
787.5    0.010234384798999999
787      0.010460512709
786.5    0.010391888209
786      0.010359172709
785.5    0.010182227009
785      0.010019985029
784.5    0.010410013609
784      0.010265110059
783.5    0.010597954498999999
783      0.010543931279
782.5    0.010510373859
782      0.010228523979
781.5    0.010680086909
781      0.010730509649
780.5    0.010368917138999999
780      0.010399705729
779.5    0.011045986789
779      0.010456201619
778.5    0.010876399469
778      0.010778982188999999
777.5    0.010573097509
777      0.010809692549
776.5    0.010918937619
776      0.010759796019
775.5    0.010808753778999999
775      0.010914299639
774.5    0.011007967409
774      0.011298318389
773.5    0.011001371779
773      0.011117664168999999
772.5    0.011165858249
772      0.011042796079
771.5    0.010933573359
771      0.010973194609
770.5    0.011445714159
770      0.011262208219
769.5    0.011291611939
769      0.011274280959
768.5    0.011342883109
768      0.011321982369
767.5    0.011742508039
767      0.011384018699
766.5    0.011597830799000002
766      0.011659933248999999
765.5    0.011532166968999998
765      0.011676045138999998
764.5    0.011626908559
764      0.011746536939000001
763.5    0.011934144418999999
763      0.012027842919000001
762.5    0.011608919129
762      0.011976489799000001
761.5    0.012230331079000002
761      0.011848388238999998
760.5    0.012258186939
760      0.012066408989
759.5    0.012108795349000001
759      0.012226754799000001
758.5    0.012301694599
758      0.012239634989
757.5    0.012287791818999999
757      0.012212613599
756.5    0.012366585429000002
756      0.012479828669
755.5    0.012497637419
755      0.012359997259
754.5    0.012618826699
754      0.012521125378999999
753.5    0.012570712719
753      0.012660188598999998
752.5    0.012778677049
752      0.012494785708999999
751.5    0.012728769328999998
751      0.013049175959
750.5    0.012611452488999999
750      0.013160577039
749.5    0.012939179318999999
749      0.012945480648999998
748.5    0.013352245089
748      0.013105640189000001
747.5    0.013049770148999999
747      0.013197977098999999
746.5    0.013268528509
746      0.013065554199
745.5    0.013640850779
745      0.013422524559
744.5    0.013452397658999998
744      0.013584533709
743.5    0.013489175589
743      0.013617761429000001
742.5    0.013638261709
742      0.013861715789000001
741.5    0.013696501029
741      0.013651451099000001
740.5    0.013779006899
740      0.013639934359
739.5    0.013899797568999998
739      0.014122521509
738.5    0.014048995448999999
738      0.014152361079
737.5    0.014269608999
737      0.014249891038999998
736.5    0.014617891979
736      0.014042543248999999
735.5    0.014370406049
735      0.014531848949
734.5    0.014427123589000002
734      0.014547904949
733.5    0.014871442689000001
733      0.014448553319
732.5    0.014662826428999999
732      0.015071094039000001
731.5    0.015012452379
731      0.014936206859
730.5    0.015110554169
730      0.014962963759000001
729.5    0.014880316328999998
729      0.015163334088999999
728.5    0.015168882908999998
728      0.015167990699
727.5    0.015677537769
727      0.015353804448999999
726.5    0.015567712489000001
726      0.015494510529
725.5    0.015770882369
725      0.015682172029
724.5    0.015909012409
724      0.015701441089
723.5    0.015740659089
723      0.015935394909
722.5    0.015959503129
722      0.015806825829
721.5    0.016299076379
721      0.016425754879
720.5    0.016220161689
720      0.016346871849
719.5    0.016329200939
719      0.016306268049
718.5    0.016438215969
718      0.016650510949
717.5    0.016687996689
717      0.016675012189
716.5    0.016794573519
716      0.016830004749
715.5    0.017186848449
715      0.017009137199
714.5    0.017101000989
714      0.016999622809
713.5    0.017309432849
713      0.017343981189
712.5    0.017402829599
712      0.017296157779
711.5    0.017197154459
711      0.017877306789
710.5    0.017782555889
710      0.017422720789
709.5    0.018085539339
709      0.018029078839
708.5    0.017776973549
708      0.018215930089
707.5    0.018116008489
707      0.018242182209
706.5    0.018389690669
706      0.018572386349
705.5    0.018150294199
705      0.018515370789
704.5    0.018648700789
704      0.018697818739
703.5    0.018919141959
703      0.019073871899
702.5    0.019013458859
702      0.019158907239
701.5    0.018965069199
701      0.019000761209
700.5    0.019567461679
700      0.019271338359
699.5    0.019744744519
699      0.019523931669
698.5    0.019701087849
698      0.019752405579
697.5    0.020031610499
697      0.019951056689
696.5    0.020091835409
696      0.020246766509
695.5    0.020368080589
695      0.019966958089
694.5    0.020575456319
694      0.020656263459
693.5    0.020494308319
693      0.020666735249
692.5    0.020755400879
692      0.021101241928999998
691.5    0.021079838279
691      0.021142020819
690.5    0.020893095059
690      0.021297052499
689.5    0.021145561709
689      0.021279098469
688.5    0.021460460498999998
688      0.021377526219
687.5    0.021656295279
687      0.021648766469
686.5    0.021761734039
686      0.021741012109
685.5    0.022110523659
685      0.021978300069
684.5    0.022096689789
684      0.022345205769
683.5    0.022671770299
683      0.022457392888999998
682.5    0.022588798779
682      0.023229608309
681.5    0.022878926249
681      0.022896865379
680.5    0.022899454459
680      0.023090068249
679.5    0.023348119109
679      0.023630583659
678.5    0.023328121749
678      0.023670138789
677.5    0.023749783639
677      0.023626636709
676.5    0.023927595469
676      0.024165803569
675.5    0.024154556919
675      0.024158203969
674.5    0.024060968309
674      0.024565018709
673.5    0.024696787819
673      0.024574561039
672.5    0.024787109349
672      0.024822950359
671.5    0.025041297079
671      0.025076938789
670.5    0.025308907029
670      0.025385417039
669.5    0.025661196559
669      0.025488466019
668.5    0.025389822199
668      0.025760123509
667.5    0.025922443719
667      0.025895584379
666.5    0.026421772319
666      0.026167830449
665.5    0.026329636569
665      0.026438273489
664.5    0.026617078109
664      0.026934217659
663.5    0.026673359799
663      0.027042392639
662.5    0.027071494609
662      0.027384147049
661.5    0.027127251029
661      0.027606710789
660.5    0.027585376048999997
660      0.027597714218999998
659.5    0.027986630799
659      0.027867794039000002
658.5    0.027941077949000002
658      0.028069440279
657.5    0.028404973449
657      0.028457805509
656.5    0.028411529959
656      0.028744172309
655.5    0.028588637709
655      0.028872691098999998
654.5    0.028946422039
654      0.029379338028999998
653.5    0.029246363788999998
653      0.029421910638999998
652.5    0.029603738339000003
652      0.029800847168999996
651.5    0.029947545379
651      0.030120879409
650.5    0.030130151658999998
650      0.030278138819
649.5    0.030539855358999998
649      0.030555419619
648.5    0.030687894668999998
648      0.030903823669
647.5    0.030960466709
647      0.031262341889
646.5    0.031327880919000003
646      0.031167149539
645.5    0.031553797418999996
645      0.031783852729
644.5    0.031681179999
644      0.031988732519
643.5    0.032205503429
643      0.032191485169
642.5    0.032416779549000005
642      0.032378561799000005
641.5    0.032588228579
641      0.032634217289
640.5    0.032777391369
640      0.03283916040900001
639.5    0.033419337119
639      0.033569607879
638.5    0.033301800489
638      0.033926546569
637.5    0.033831588919
637      0.033891413359000006
636.5    0.034119319169000004
636      0.034296505149
635.5    0.034509025508999994
635      0.034658119079
634.5    0.034507613629
634      0.034945119169000005
633.5    0.035069648179000004
633      0.035193588589
632.5    0.035191491249000006
632      0.035501398148999996
631.5    0.035818651319
631      0.035870231689
630.5    0.035693593319
630      0.036216594278999995
629.5    0.036429118368999994
629      0.036464624109000005
628.5    0.036549266429
628      0.036905135958999996
627.5    0.037294134499
627      0.036839287729
626.5    0.037246569989
626      0.037577610459
625.5    0.037459541109
625      0.037705663589
624.5    0.037931129339
624      0.037859134379
623.5    0.038207057859
623      0.038630079479000004
622.5    0.038367759439000004
622      0.038878008719000004
621.5    0.039159290489000007
621      0.039010163399
620.5    0.038889329879
620      0.039572391659000006
619.5    0.039223801339
619      0.039591919628999994
618.5    0.039618380369000006
618      0.039573509248999994
617.5    0.039922606198999996
617      0.040586601939
616.5    0.040397450328999995
616      0.040612146259000004
615.5    0.040929161009
615      0.041180074218999996
614.5    0.041130702938999994
614      0.041631292549
613.5    0.041703827678999994
613      0.04186211525899999
612.5    0.041978795079
612      0.041975427419
611.5    0.042685713619000004
611      0.042729463429
610.5    0.042754761879
610      0.043102588499000005
609.5    0.043166618788999994
609      0.043477647009
608.5    0.043369084599000005
608      0.043822210279000004
607.5    0.043816253539
607      0.044139523059
606.5    0.044519245619
606      0.044428955758999994
605.5    0.044617436829000004
605      0.04494658484899999
604.5    0.044893998649
604      0.045484393839000006
603.5    0.045672755689000005
603      0.045974541459
602.5    0.045845944429
602      0.04640709235899999
601.5    0.046288199719
601      0.046765804289
600.5    0.046925369649
600      0.047175891698999994
599.5    0.047473128889
599      0.047702554609
598.5    0.047575373199
598      0.048174653198999995
597.5    0.048418626189
597      0.048599287869
596.5    0.048958498978999995
596      0.049425523729
595.5    0.049130197609000004
595      0.049619205299000005
594.5    0.049736201758999996
594      0.050111874939
593.5    0.050333514809
593      0.050765879449000004
592.5    0.050903845579000004
592      0.050987821069
591.5    0.051492404189
591      0.051431961358999995
590.5    0.051775325089
590      0.052379429339
589.5    0.052416145799
589      0.053005818279
588.5    0.053162105379
588      0.053476948289
587.5    0.053899105638999995
587      0.054373431949
586.5    0.054228287188999996
586      0.054854590449
585.5    0.055209338669000005
585      0.055423349139
584.5    0.055573973809000005
584      0.056132908908999996
583.5    0.056158073249000004
583      0.056983418758999996
582.5    0.057153906669
582      0.057297557589
581.5    0.057638067749
581      0.057870421559000004
580.5    0.058355893938999995
580      0.058882344509
579.5    0.059248309579
579      0.05959629639899999
578.5    0.059825766828999996
578      0.060358125719
577.5    0.060473900289
577      0.060770038518999994
576.5    0.061670932919
576      0.062066759909
575.5    0.062125597149
575      0.062707077709
574.5    0.062972854819
574      0.063457895069
573.5    0.06399275734899999
573      0.064546685669
572.5    0.064955253149
572      0.06530191376899999
571.5    0.065844614059
571      0.066335555169
570.5    0.066668692979
570      0.06702206655899999
569.5    0.067673739049
569      0.067974004889
568.5    0.068747680629
568      0.069393333049
567.5    0.06973106786899999
567      0.070175658909
566.5    0.070722710339
566      0.07137666269899999
565.5    0.072126250709
565      0.072433035819
564.5    0.073130559179
564      0.07363767548899999
563.5    0.07420339807899999
563      0.07468504085899999
562.5    0.075329419229
562      0.07615831121899999
561.5    0.076547522099
561      0.07743548228899999
560.5    0.077759612349
560      0.078537937249
559.5    0.07928032800899999
559      0.079795058819
558.5    0.080493342129
558      0.081165466459
557.5    0.08180066570899999
557      0.082688752559
556.5    0.083338413389
556      0.08414175733899999
555.5    0.084638614209
555      0.085255060349
554.5    0.085842218249
554      0.086932051929
553.5    0.087545786049
553      0.088336836549
552.5    0.08919953181899999
552      0.089802142229
551.5    0.090996365989
551      0.091527637089
550.5    0.092184584589
550      0.093051362779
549.5    0.093833860009
549      0.09465115144899999
548.5    0.095225770029
548      0.096058573569
547.5    0.097029995169
547      0.098110225069
546.5    0.098996285369
546      0.099487367969
545.5    0.100722085669
545      0.101370718369
544.5    0.102287244069
544      0.103047568369
543.5    0.10406422986899999
543      0.104836326069
542.5    0.10573402416899999
542      0.10667996476899999
541.5    0.107341144269
541      0.108197424569
540.5    0.109397258569
540      0.110089775169
539.5    0.110909584869
539      0.111844655169
538.5    0.112859029369
538      0.11361267046899999
537.5    0.11447009066899999
537      0.115327429069
536.5    0.11599365996899999
536      0.116760563069
535.5    0.117878075669
535      0.118429277069
534.5    0.119140345569
534      0.120083097369
533.5    0.120815243569
533      0.12133192646899998
532.5    0.122290875769
532      0.122899498769
531.5    0.12368200346899999
531      0.12412227316899999
530.5    0.124930303569
530      0.125390004369
529.5    0.126189257969
529      0.126664843369
528.5    0.127120967969
528      0.127682726869
527.5    0.127998050269
527      0.128310244569
526.5    0.128994088669
526      0.129389669769
525.5    0.129831802069
525      0.129880662969
524.5    0.130534123669
524      0.130576919769
523.5    0.130771961069
523      0.130915131469
522.5    0.131135787769
522      0.131024148269
521.5    0.131390865869
521      0.131370346969
520.5    0.131537985069
520      0.13121392946899998
519.5    0.131456132969
519      0.131233435169
518.5    0.131200518469
518      0.131007682569
517.5    0.130674373369
517      0.130478765769
516.5    0.130341391969
516      0.130000393869
515.5    0.129653554369
515      0.128975477069
514.5    0.128895383369
514      0.128308337169
513.5    0.128182928969
513      0.127346705669
512.5    0.12698696176899998
512      0.126401644169
511.5    0.125874470869
511      0.125182535469
510.5    0.12493420766899999
510      0.12407701836900001
509.5    0.12374087796899999
509      0.122886832769
508.5    0.12214617056899998
508      0.121676322069
507.5    0.12100520356899999
507      0.120139967669
506.5    0.11974091456899999
506      0.118811074669
505.5    0.118126276869
505      0.117476407469
504.5    0.116617035169
504      0.11572418736899999
503.5    0.11531229686899999
503      0.11479397486899999
502.5    0.113531861469
502      0.113075342069
501.5    0.112235125169
501      0.111429434269
500.5    0.11062078546899999
500      0.10997924576899999
499.5    0.10944851116899999
499      0.10870081556899999
498.5    0.108009498569
498      0.10748602076899999
497.5    0.10629655796899999
497      0.10586028916899999
496.5    0.105421688369
496      0.104354012769
495.5    0.10390697046899999
495      0.10306695476899999
494.5    0.102418165669
494      0.10202167556899999
493.5    0.10110409186899999
493      0.10048020256899999
492.5    0.099939528869
492      0.099552649969
491.5    0.098739024269
491      0.098594244569
490.5    0.09787349776899999
490      0.09735659136899999
489.5    0.096781145769
489      0.09631026906899999
488.5    0.09579157456899999
488      0.095360215749
487.5    0.09508255496899999
487      0.094340089709
486.5    0.094192910939
486      0.093479227279
485.5    0.09335068240899999
485      0.092759083959
484.5    0.09224360808899999
484      0.091879833489
483.5    0.091805946079
483      0.09106335415899999
482.5    0.090809587389
482      0.09067393466899999
481.5    0.090156804769
481      0.089863639329
480.5    0.08967791869899999
480      0.089112672959
479.5    0.088867548849
479      0.089014705269
478.5    0.088287059219
478      0.08800766244899999
477.5    0.087864432479
477      0.087398070839
476.5    0.087392289189
476      0.087223406879
475.5    0.086922090499
475      0.08694581314899999
474.5    0.086413454259
474      0.086218465119
473.5    0.086130131039
473      0.085956934839
472.5    0.085772883149
472      0.08574835583899999
471.5    0.085500415409
471      0.085213329639
470.5    0.085395973179
470      0.085119482129
469.5    0.084793593729
469      0.08466777577899999
468.5    0.084736112509
468      0.084270719439
467.5    0.084277447309
467      0.08423688634899999
466.5    0.084028813989
466      0.084173101929
465.5    0.083954598759
465      0.083512220529
464.5    0.083730597049
464      0.08378841354899999
463.5    0.08311693742899999
463      0.08327814563899999
462.5    0.08311444147899999
462      0.083244930949
461.5    0.083321820939
461      0.082892704759
460.5    0.082998860629
460      0.082905765619
459.5    0.082993160929
459      0.082640502599
458.5    0.08275614305899999
458      0.082827564329
457.5    0.082546632739
457      0.082548405979
456.5    0.082616221159
456      0.082447294149
455.5    0.082600507889
455      0.082515906539
454.5    0.082394737749
454      0.08258330448899999
453.5    0.082538764919
453      0.082232307639
452.5    0.08244865014899999
452      0.082210574299
451.5    0.082399163399
451      0.082165751609
450.5    0.082252394409
450      0.082150120289
449.5    0.08221388980899999
449      0.08258700742899999
448.5    0.081976223739
448      0.08245867117899999
447.5    0.082469355319
447      0.08237801864899999
446.5    0.082529094069
446      0.082337383179
445.5    0.08241416885899999
445      0.082363959399
444.5    0.082300890239
444      0.082224976269
443.5    0.082569520919
443      0.08239388092899999
442.5    0.08218723162899999
442      0.08239899947899999
441.5    0.082512531429
441      0.08223088457899999
440.5    0.082844961429
440      0.082457814369
439.5    0.082350436599
439      0.082545023409
438.5    0.082488190379
438      0.082453202459
437.5    0.08221736177899999
437      0.08261786028899999
436.5    0.08239995315899999
436      0.082600127909
435.5    0.082723792639
435      0.082650300119
434.5    0.082895200699
434      0.08242845162899999
433.5    0.082679998129
433      0.08291487767899999
432.5    0.082830447699
432      0.082882512359
431.5    0.08285780623899999
431      0.08289586379899999
430.5    0.082934562119
430      0.08322916551899999
429.5    0.082935255019
429      0.082851830869
428.5    0.083346296099
428      0.083106432109
427.5    0.083315167579
427      0.08336314931899999
426.5    0.08332815393899999
426      0.083113428209
425.5    0.08334509655899999
425      0.083232235159
424.5    0.083585981279
424      0.083478633309
423.5    0.083875160659
423      0.083587277679
422.5    0.083713192489
422      0.084072750059
421.5    0.083538834009
421      0.083911690859
420.5    0.084081474689
420      0.084156829859
419.5    0.083918068559
419      0.084243740889
418.5    0.084227871149
418      0.084318358449
417.5    0.083991739899
417      0.084367815409
416.5    0.084349561479
416      0.084293443709
415.5    0.084314484149
415      0.084639694539
414.5    0.08456153049899999
414      0.08464106544899999
413.5    0.084860358389
413      0.084993030879
412.5    0.08456985279899999
412      0.084725815799
411.5    0.084987435489
411      0.084876503799
410.5    0.085107523949
410      0.085265371949
409.5    0.085028227419
409      0.085397463289
408.5    0.085441377009
408      0.085087556389
407.5    0.085502546279
407      0.085331667209
406.5    0.085205186159
406      0.085635926569
405.5    0.085741225629
405      0.085622046139
404.5    0.085656937209
404      0.085767563429
403.5    0.085807312279
403      0.086295273159
402.5    0.085908826439
402      0.085966523739
401.5    0.086267817769
401      0.086163062599
400.5    0.086198639119
400      0.086625192309
399.5    0.086327735329
399      0.086082611229
398.5    0.086450140919
398      0.08648831769899999
397.5    0.086713973429
397      0.08669840171899999
396.5    0.087108645589
396      0.086792211979
395.5    0.087301414459
395      0.087735932319
394.5    0.087139856069
394      0.087346736339
393.5    0.087561804799
393      0.087522860619
392.5    0.087260704489
392      0.087589945639
391.5    0.087911766019
391      0.08764384313899999
390.5    0.087305184449
390      0.087761368599
389.5    0.088224884119
389      0.08803855254899999
388.5    0.08809615298899999
388      0.088176976889
387.5    0.088508103039
387      0.088249709459
386.5    0.088597495109
386      0.088692773129
385.5    0.088253419849
385      0.088924136009
384.5    0.088420268149
384      0.088756393639
383.5    0.08867889269899999
383      0.089171636849
382.5    0.089399110529
382      0.089235965159
381.5    0.089062776419
381      0.089385334399
380.5    0.08899654820899999
380      0.089048173279
379.5    0.089921254669
379      0.089630205179
378.5    0.09018933400899999
378      0.089907716959
377.5    0.08983225747899999
377      0.08999759330899999
376.5    0.089803200219
376      0.090390037749
375.5    0.09022916480899999
375      0.090249013159
374.5    0.090700667349
374      0.090273473409
373.5    0.090656254439
373      0.090622019019
372.5    0.089920062569
372      0.090591166169
371.5    0.090835366399
371      0.08998743071899999
370.5    0.09103095903899999
370      0.091334883119
369.5    0.091045465319
369      0.09062897040899999
368.5    0.090720448639
368      0.09180807694899999
367.5    0.090979803349
367      0.09067267551899999
366.5    0.091869149359
366      0.09204426779899999
365.5    0.09082901849899999
365      0.091508340089
364.5    0.091667007659
364      0.091478552669
363.5    0.092319320889
363      0.092094387859
362.5    0.092218909409
362      0.092304896559
361.5    0.092661712319
361      0.09274969622899999
360.5    0.09276067092899999
360      0.09199654683899999
359.5    0.092488441619
359      0.092913556839
358.5    0.092343050989
358      0.091883968559
357.5    0.092510532589
357      0.092742193489
356.5    0.09287279471899999
356      0.093469794839
355.5    0.091589275749
355      0.090664822609
354.5    0.091582272199
354      0.091767225409
353.5    0.09175353869899999
353      0.092883054169
352.5    0.091913040729
352      0.091788377609
351.5    0.092764589939
351      0.091499883679
350.5    0.092746462669
350      0.09581189304499999
349.5    0.09710885286499998
349      0.09621818810499998
348.5    0.09607029408499998
348      0.09626334607499998
347.5    0.09514063298499999
347      0.09571776241499998
346.5    0.09654646068499999
346      0.09701521396499999
345.5    0.09585746079499999
345      0.09716430753499998
344.5    0.09571344852499998
344      0.09641877263499998
343.5    0.09642749726499998
343      0.09607023447499999
342.5    0.09643369615499998
342      0.09737563580499999
341.5    0.09639728516499999
341      0.09761205762499998
340.5    0.09664992690499999
340      0.09714925736499998
339.5    0.09670289307499998
339      0.09697449654499998
338.5    0.09662759006499998
338      0.09734597504499998
337.5    0.09733761548499999
337      0.09779404550499998
336.5    0.09729107916499999
336      0.09834883063499998
335.5    0.09788286387499998
335      0.09829292893499998
334.5    0.09699623733499999
334      0.09910905803499999
333.5    0.09917854963499999
333      0.09896807073499998
332.5    0.09893533293499998
332      0.09933606233499999
331.5    0.09939295503499998
331      0.09952697603499998
330.5    0.09834951613499998
330      0.09970822633499998
329.5    0.09958467333499998
329      0.09983446893499998
328.5    0.10024130793499998
328      0.09991726723499998
327.5    0.10054874863499998
327      0.10092381833499998
326.5    0.10131470563499999
326      0.10094729513499998
325.5    0.10108429643499998
325      0.10144761653499998
324.5    0.10146948393499998
324      0.10243956443499998
323.5    0.10210326013499998
323      0.10212335433499999
322.5    0.10212526173499999
322      0.10338338913499998
321.5    0.10263168513499998
321      0.10372940153499999
320.5    0.10339991453499998
320      0.10403667833499998
319.5    0.10423861893499999
319      0.10469750013499998
318.5    0.10462499853499999
318      0.10472247453499998
317.5    0.10511716153499998
317      0.10584692363499998
316.5    0.10536841003499998
316      0.10546184033499999
315.5    0.10569455173499998
315      0.10649303053499998
314.5    0.10658670663499999
314      0.10719017383499999
313.5    0.10723621843499999
313      0.10777932103499999
312.5    0.10807531033499998
312      0.10832937513499999
311.5    0.10876772253499999
311      0.10915317083499998
310.5    0.10911206603499998
310      0.10930207823499999
309.5    0.10929532793499998
309      0.10988094363499998
308.5    0.11048951443499998
308      0.11048900783499999
307.5    0.11045478733499998
307      0.11174346213499999
306.5    0.11083462533499998
306      0.11212823243499999
305.5    0.11187806423499998
305      0.11255696113499998
304.5    0.11301878543499998
304      0.11341383013499998
303.5    0.11403528303499998
303      0.11426675023499998
302.5    0.11423523423499998
302      0.11461020703499998
301.5    0.11497083753499998
301      0.11545442493499998
300.5    0.11529936343499998
300      0.11695708033499998
299.5    0.11655682773499998
299      0.11639076913499999
298.5    0.11700005533499998
298      0.11781041773499998
297.5    0.11745521873499998
297      0.11778746993499999
296.5    0.11812157633499998
296      0.11853167863499998
295.5    0.11945654903499998
295      0.11943338513499999
294.5    0.12031855133499998
294      0.12052350933499999
293.5    0.12104805263499999
293      0.12145294693499999
292.5    0.12104750123499998
292      0.12144033313499998
291.5    0.12235240343499998
291      0.12245060203499998
290.5    0.12244629563499998
290      0.12390515653499999
289.5    0.12327361553499998
289      0.12414621263499999
288.5    0.12474787683499998
288      0.12473351213499999
287.5    0.12468307163499999
287      0.12615278813499997
286.5    0.125833426435
286      0.12676066603499997
285.5    0.12655596883499998
285      0.127057661135
284.5    0.12744373533499997
284      0.128309388435
283.5    0.128237862835
283      0.129036624735
282.5    0.12934865503499998
282      0.13014358733499998
281.5    0.13009974803499996
281      0.130832423235
280.5    0.13096990133499997
280      0.13114363403499996
279.5    0.131389965135
279      0.132030268035
278.5    0.13231946973499997
278      0.13299023063499998
277.5    0.13341440703499996
277      0.134300296035
276.5    0.13433021753499996
276      0.13533780423499997
275.5    0.134264756735
275      0.13555446713499997
274.5    0.13547857553499998
274      0.13650702383499996
273.5    0.13660882863499996
273      0.13678098173499997
272.5    0.137410987935
272      0.13764030183499998
271.5    0.13793087453499997
271      0.13838600073499996
270.5    0.13845532093499996
270      0.13886128813499998
269.5    0.139574532235
269      0.13949604783499997
268.5    0.139731873535
268      0.140411679435
267.5    0.14000523533499998
267      0.14032058863499997
266.5    0.14136258213499997
266      0.14118586923499998
265.5    0.14144663963499998
265      0.14156595323499999
264.5    0.141426552835
264      0.142352987835
263.5    0.14277226183499997
263      0.143189986035
262.5    0.14313897933499997
262      0.14341597703499998
261.5    0.14344244153499996
261      0.14361024353499996
260.5    0.143074993835
260      0.143919710835
259.5    0.143999014835
259      0.14437631223499997
258.5    0.14390892233499997
258      0.14448841363499998
257.5    0.144409839835
257      0.14470424203499999
256.5    0.144902725535
256      0.14490290433499997
255.5    0.14470993433499996
255      0.14513265043499995
254.5    0.14524680823499997
254      0.144970332135
253.5    0.14514202323499997
253      0.14550215453499998
252.5    0.14590007513499997
252      0.14576141983499996
251.5    0.14606626783499999
251      0.145716582235
250.5    0.146082361035
250      0.146119256335
249.5    0.146173913735
249      0.145694707335
248.5    0.14646070153499996
248      0.14615567473499996
247.5    0.14646922503499998
247      0.14688924403499998
246.5    0.146618862435
246      0.146893297135
245.5    0.146317143735
245      0.14682579483499997
244.5    0.14704551253499998
244      0.14709222763499996
243.5    0.14712289423499997
243      0.147175540035
242.5    0.14740689543499996
242      0.147401277735
241.5    0.146870289735
241      0.14809450953499997
240.5    0.14768332693499997
240      0.147847701635
239.5    0.147421230335
239      0.147638265835
238.5    0.14762695583499996
238      0.148016442335
237.5    0.147913981935
237      0.147905205235
236.5    0.14778252393499997
236      0.14818451253499998
235.5    0.14763632863499998
235      0.14818060843499997
234.5    0.14847542793499996
234      0.14803091143499997
233.5    0.14765400143499996
233      0.14829312713499998
232.5    0.14816660133499998
232      0.148246903735
231.5    0.14797349723499997
231      0.147940759335
230.5    0.14832662493499998
230      0.14815029953499997
229.5    0.14801073523499997
229      0.148468737335
228.5    0.14845999033499996
228      0.148496572635
227.5    0.148527522435
227      0.148826752635
226.5    0.148774553835
226      0.149075706335
225.5    0.14834113863499998
225      0.14847077873499998
224.5    0.14893752783499997
224      0.14954391573499998
223.5    0.149300937335
223      0.150023509535
222.5    0.149940241835
222      0.14941178713499997
221.5    0.149599526835
221      0.15031564683499998
220.5    0.150050927735
220      0.15018053803499998
219.5    0.150605817135
219      0.150328685335
218.5    0.15039718593499996
218      0.150842030335
217.5    0.150724698635
217      0.15114661003499996
216.5    0.150679175535
216      0.151400913335
215.5    0.15119560513499997
215      0.15099034163499997
214.5    0.151268874135
214      0.151563291235
213.5    0.151451770935
213      0.15201646533499996
212.5    0.15216686283499997
212      0.152360697135
211.5    0.152360965335
211      0.152691920135
210.5    0.152975921335
210      0.152838011135
209.5    0.15316918943499996
209      0.15399671043499996
208.5    0.153476957935
208      0.15330119873499998
207.5    0.153709296835
207      0.154132489835
206.5    0.154739309835
206      0.15450320093499997
205.5    0.155496646435
205      0.15692265783499998
204.5    0.15705030113499996
204      0.15801032333499998
203.5    0.157200668735
203      0.157538925135
202.5    0.158550728835
202      0.15943529163499998
201.5    0.15868431773499997
201      0.160238046935
200.5    0.15987848193499998
200      0.160802160235
