1200     0.000688257569
1199.5   0.0009011965594
1199     0.0007229752955
1198.5   0.0005894609494
1198     0.0007311689551
1197.5   0.0005981186987
1197     0.0007261905121
1196.5   0.0004011070414
1196     0.0008791483706
1195.5   0.0006765646394
1195     0.001313055516
1194.5   0.0005536135286
1194     0.001413497259
1193.5   0.0009460227448
1193     0.001841231831
1192.5   0.001665976481
1192     0.001637627254
1191.5   0.001198334154
1191     0.001471804571
1190.5   0.001012025285
1190     0.001067009056
1189.5   0.000679468445
1189     0.0009875844698
1188.5   0.0006138533936
1188     0.0005905755679
1187.5   0.0006230041618
1187     0.0006626165123
1186.5   0.001024557627
1186     0.0004456225142
1185.5   0.000764541619
1185     0.0007005212246
1184.5   0.0006706794375
1184     0.0004647723108
1183.5   0.0006928467192
1183     0.0007117481437
1182.5   0.0007230789633
1182     0.0005165509647
1181.5   0.0009886482731
1181     0.0007281092694
1180.5   0.0008001989918
1180     0.0007023361977
1179.5   0.0005964337615
1179     0.0008670352981
1178.5   0.0006920170272
1178     0.0005229006056
1177.5   0.0002242821647
1177     0.0007913816371
1176.5   0.0004696181859
1176     0.0006937023136
1175.5   0.0004195811925
1175     0.0008768917178
1174.5   0.0006139571196
1174     0.0007975797052
1173.5   0.0007436671876
1173     0.0009133106214
1172.5   0.0006448838394
1172     0.0007722433656
1171.5   0.0006410729839
1171     0.0008461040561
1170.5   0.0007038918557
1170     0.0007254644879
1169.5   0.000743226381
1169     0.00076368585
1168.5   0.000806423137
1168     0.0005803108797
1167.5   0.0009837705875
1167     0.0008495277143
1166.5   0.0008058007224
1166     0.0005709018442
1165.5   0.001086783246
1165     0.0007234420045
1164.5   0.0007458453183
1164     0.0006533612031
1163.5   0.001053307904
1163     0.0006328810123
1162.5   0.0005117045366
1162     0.0005620372831
1161.5   0.0007336063427
1161     0.0007019732147
1160.5   0.0003048365761
1160     0.0007875435404
1159.5   0.0005474966601
1159     0.0008222691249
1158.5   0.0002704890503
1158     0.0008608621429
1157.5   0.0007034251466
1157     0.0008918324602
1156.5   0.0004263440205
1156     0.0008396718767
1155.5   0.0003884632024
1155     0.0008322282811
1154.5   0.0003673736937
1154     0.0008521992131
1153.5   0.0006480207085
1153     0.0009188878466
1152.5   0.000355508033
1152     0.0007024399238
1151.5   0.0005819697981
1151     0.0007707911427
1150.5   0.0007416186854
1150     0.0006216302281
1149.5   0.0004120152444
1149     0.0006636016769
1148.5   0.0006868315977
1148     0.0004524893884
1147.5   0.0008581646835
1147     0.0005779521307
1146.5   0.0004109788279
1146     0.0004333919787
1145.5   0.0008766063838
1145     0.000523315277
1144.5   0.0003261303063
1144     0.0006065173657
1143.5   0.0005064953584
1143     0.0006272037281
1142.5   0.0004615849466
1142     0.0005624779151
1141.5   0.0002917292877
1141     0.0006676979829
1140.5   0.0002586519404
1140     0.0005056142109
1139.5   0.0005031781038
1139     0.0007002101047
1138.5   0.0002646351932
1138     0.0008815087494
1137.5   -1.035437549e-6
1137     0.0006836944376
1136.5   0.0001573634217
1136     0.000837130181
1135.5   0.0002665778447
1135     0.0008077457896
1134.5   0.0001767594658
1134     0.0006603091606
1133.5   -0.00006507244689
1133     0.0006412026123
1132.5   0.0008625480696
1132     0.0005817624624
1131.5   0.0006129979738
1131     0.0004330291995
1130.5   0.0007268128102
1130     0.000688620552
1129.5   0.0006009182543
1129     0.0004338324652
1128.5   0.0006013329839
1128     0.0005464599235
1127.5   0.0004974248004
1127     0.0003749129537
1126.5   0.0005937120295
1126     0.000528135919
1125.5   0.0007789857336
1125     0.0005191944656
1124.5   0.0002235828724
1124     0.0005337600014
1123.5   0.0006245077238
1123     0.0007245569723
1122.5   0.000369446323
1122     0.0006476059207
1121.5   0.0003811568895
1121     0.0008141515427
1120.5   0.0006780424737
1120     0.0005620372831
1119.5   0.0004618699895
1119     0.0007032696158
1118.5   0.0005272287526
1118     0.0005803367821
1117.5   0.000346855144
1117     0.0007987467106
1116.5   0.0003201462096
1116     0.000650379865
1115.5   0.0004372787662
1115     0.0007622596459
1114.5   0.0002331657306
1114     0.0006020328728
1113.5   0.0005966411554
1113     0.0005916642258
1112.5   0.0004574647173
1112     0.0005813477328
1111.5   0.000695439463
1111     0.0004467367544
1110.5   0.000593841658
1110     0.0005508920294
1109.5   0.0005664695054
1109     0.0002744261874
1108.5   0.0006472429959
1108     0.0006419284618
1107.5   0.0005836805794
1107     0.0004431867565
1106.5   0.0008693437558
1106     0.0005764228408
1105.5   0.0003748352174
1105     0.0005814773031
1104.5   0.000526736374
1104     0.0005844063708
1103.5   0.0002165642218
1103     0.0005339414347
1102.5   0.0004839747853
1102     0.0007193452329
1101.5   0.00029895638
1101     0.0007510833093
1100.5   0.0003430209763
1100     0.0008607584168
1099.5   0.000371622591
1099     0.0006645090762
1098.5   0.0003347568854
1098     0.0008062415873
1097.5   0.000431889086
1097     0.0005726902746
1096.5   0.0003967542143
1096     0.0006429913919
1095.5   0.0003913391265
1095     0.0004516601912
1094.5   0.000524896197
1094     0.0006064914633
1093.5   0.0004793878761
1093     0.0003753274796
1092.5   0.0005804664106
1092     0.0004180265241
1091.5   0.0002782079391
1091     0.0004627510498
1090.5   0.0002682096674
1090     0.000641721068
1089.5   0.0006688386784
1089     0.0005180022563
1088.5   0.0004465553793
1088     0.0004750342341
1087.5   0.0003360262781
1087     0.0005778484629
1086.5   0.0003932305262
1086     0.0004666380992
1085.5   0.000222184317
1085     0.0005519287661
1084.5   0.0002886208822
1084     0.000670912792
1083.5   0.0005952932406
1083     0.0007741882582
1082.5   0.000452929904
1082     0.0005537690013
1081.5   0.0005754896556
1081     0.0006929763476
1080.5   0.000589331321
1080     0.0005132076913
1079.5   0.0007004953222
1079     0.000615538389
1078.5   0.0008039075183
1078     0.0004962067469
1077.5   0.0007058105548
1077     -0.002109029563
1076.5   -0.002843254479
1076     -0.003120498499
1075.5   -0.001863358892
1075     -0.001002234523
1074.5   0.0001699487475
1074     0.0006782498676
1073.5   0.001061066636
1073     0.0004668454058
1072.5   0.001350809238
1072     0.0002493275388
1071.5   0.001017967006
1071     0.0005940230913
1070.5   0.0007361733587
1070     0.0006289146841
1069.5   0.0001351716783
1069     0.0006995100994
1068.5   -3.468705927e-6
1068     0.0007716469117
1067.5   -0.00001806803084
1067     0.0008361705113
1066.5   0.0002171599044
1066     0.000779763679
1065.5   -0.0001838032476
1065     0.0007538579521
1064.5   0.0002186879428
1064     0.0009131290135
1063.5   0.0004250484344
1063     0.0006695127813
1062.5   0.000200015158
1062     0.0006508465158
1061.5   0.0006090059178
1061     0.0005312978174
1060.5   0.0008342253277
1060     0.0005846137065
1059.5   0.0007669532206
1059     0.0002804355463
1058.5   0.0009958350565
1058     0.0005668064696
1057.5   0.0008508245228
1057     0.0001434837322
1056.5   0.0009600578342
1056     0.0005201015738
1055.5   0.0005859875237
1055     0.0003892663808
1054.5   0.0008048152085
1054     0.0003769856121
1053.5   0.0005963300937
1053     0.0005972114159
1052.5   0.0003323217388
1052     0.0003997079039
1051.5   0.0006938060396
1051     0.0009647276602
1050.5   0.00009995722939
1050     0.0005210086238
1049.5   0.000445726153
1049     0.000934815791
1048.5   0.0005156179541
1048     0.000695750583
1047.5   0.0005686727236
1047     0.0008424989064
1046.5   0.000751731568
1046     0.0006002961309
1045.5   0.0007911741268
1045     0.000627462985
1044.5   0.0007188525633
1044     0.0004615071812
1043.5   0.0006499391748
1043     0.0007372365217
1042.5   0.0006051434902
1042     0.0004070145369
1041.5   0.0009237906779
1041     0.0004215245135
1040.5   0.0004673636868
1040     0.0002673289855
1039.5   0.0007804119959
1039     0.0005146330805
1038.5   0.0004589935998
1038     0.0004130257585
1037.5   0.0008198312717
1037     0.0006351104239
1036.5   0.0004646427406
1036     0.0006274370826
1035.5   0.0007285759784
1035     0.0005957339308
1034.5   0.0006611387944
1034     0.000795479049
1033.5   0.0003654824104
1033     0.0004835083091
1032.5   0.0007667198661
1032     0.0006986285443
1031.5   0.0006759683602
1031     0.0008111172356
1030.5   0.000270722172
1030     0.0008990695351
1029.5   0.0002741930657
1029     0.0006758387317
1028.5   0.000495584798
1028     0.0007896959432
1027.5   0.0007217306993
1027     0.0006643535453
1026.5   0.0004469181586
1026     0.0005368701532
1025.5   0.0002536789107
1025     0.0005371034495
1024.5   0.000708662672
1024     0.0006554092979
1023.5   0.0008313464932
1023     0.0005943600554
1022.5   0.0009055545088
1022     0.0007268646732
1021.5   0.0007497867919
1021     0.0003390054917
1020.5   0.0007840944454
1020     0.0006382213323
1019.5   0.0004081545922
1019     0.0003609485866
1018.5   0.001035870635
1018     0.0006991470582
1017.5   0.0006220191135
1017     0.0006622017245
1016.5   0.0006548648817
1016     0.0006701090606
1015.5   0.0005157993292
1015     0.0008126992034
1014.5   0.0005885537248
1014     0.0007461305941
1013.5   0.00044409369
1013     0.0008504354628
1012.5   0.0004509605351
1012     0.0007405814831
1011.5   0.0005340451025
1011     0.00073837745
1010.5   0.0005420797388
1010     0.0008753095171
1009.5   0.001088911202
1009     0.0007513426244
1008.5   0.0006658313214
1008     0.0007029066328
1007.5   0.0005819957005
1007     0.0004684520536
1006.5   0.0006952838739
1006     0.000544878887
1005.5   0.0007421373157
1005     0.0005415095366
1004.5   0.001287637162
1004     0.0006128424429
1003.5   0.0004792842083
1003     0.0003943446209
1002.5   0.001148057403
1002     0.0007004694198
1001.5   0.0004380042956
1001     0.0004376933502
1000.5   0.0008805749821
1000     0.0007908370462
999.5    0.0004341175081
999      0.0005839916412
998.5    0.0009001330473
998      0.0009464637842
997.5    0.0005321531207
997      0.0006662461092
996.5    0.000520179281
996      0.0009806572925
995.5    0.0007772223325
995      0.0007393368287
994.5    0.0003372956708
994      0.0009717324865
993.5    0.0004941594088
993      0.0007171153557
992.5    0.0009318324737
992      0.000815500156
991.5    0.0006185194943
991      0.0006074765115
990.5    0.0006812573411
990      0.0007144446718
989.5    0.001089456142
989      0.0006472170353
988.5    0.0008378563798
988      0.0006325439899
987.5    0.0009511593962
987      0.0007542468957
986.5    0.00105611037
986      0.0005398507346
985.5    0.0008555190871
985      0.0005305980449
984.5    0.0008992510848
984      0.000778155867
983.5    0.0006611128338
983      0.0005353669403
982.5    0.00139555207
982      0.0008991733193
981.5    0.0004448451509
981      0.0006865723408
980.5    0.0006737387157
980      0.0008199868607
979.5    0.0008691881085
979      0.0007228456088
978.5    0.0008798746276
978      0.0008380638319
977.5    0.0008774882881
977      0.0008482827689
976.5    0.001079205656
976      0.0007358622388
975.5    0.0006838759291
975      0.0006039511063
974.5    0.000637028832
974      0.0005789111601
973.5    0.001110710553
973      0.000724038342
972.5    0.0006455319817
972      0.0006146051455
971.5    0.0007743957103
971      0.0005598859279
970.5    0.0009824733716
970      0.0006267371355
969.5    0.0007699354319
969      0.0007031658897
968.5    0.001155688078
968      0.0005290170666
967.5    0.0007547914283
967      0.0007219121908
966.5    0.0008252516855
966      0.0007463639486
965.5    0.0005379068898
965      0.001020821161
964.5    0.0007175820647
964      0.0008802896482
963.5    0.0008441069513
963      0.001068747719
962.5    0.0008744276129
962      0.0007115406916
961.5    0.0006386620225
961      0.001005071681
960.5    0.0004312931269
960      0.0009030901711
959.5    0.0004444305378
959      0.000733009947
958.5    0.0007661234122
958      0.0009113391279
957.5    0.0007407889352
957      0.0007228715695
956.5    0.001127164578
956      0.0007302095764
955.5    0.0009631191497
955      0.000757254893
954.5    0.0009704612312
954      0.0006986285443
953.5    0.0008988360642
953      0.0008403721731
952.5    0.001097942237
952      0.0004320445587
951.5    0.0006982396008
951      0.0007317393902
950.5    0.001307369326
950      0.0007466751267
949.5    0.0006047546631
949      0.0007970091538
948.5    0.0009057360585
948      0.0009737560758
947.5    0.0007795043639
947      0.0009781925473
946.5    0.0007391034742
946      0.0009610696579
945.5    0.0009009112255
945      0.001073937747
944.5    0.0006784573197
944      0.001027281978
943.5    0.0008997439872
943      0.001255288604
942.5    0.001080036047
942      0.001027126331
941.5    0.0007655529189
941      0.001219256432
940.5    0.001083772862
940      0.000962574326
939.5    0.0007261126884
939      0.001058108523
938.5    0.0007842500345
938      0.0009196401224
937.5    0.001156336977
937      0.0009908535285
936.5    0.001214921358
936      0.0008991733193
935.5    0.001269100117
935      0.0007776890998
934.5    0.001121922047
934      0.0008661533939
933.5    0.0008340697386
933      0.0009587347158
932.5    0.001357145142
932      0.001013089088
931.5    0.001081930473
931      0.001151613193
930.5    0.0007398035959
930      0.0009463081369
929.5    0.0006188565167
929      0.001234157011
928.5    0.0006512354012
928      0.001100563328
927.5    0.0007804119959
927      0.001192415948
926.5    0.0005424944102
926      0.001160360058
925.5    0.0006276703789
925      0.0013216238
924.5    0.000688776141
924      0.00122530479
923.5    0.001056058449
923      0.001084006508
922.5    0.0007009360706
922      0.00108545972
921.5    0.0007861172198
921      0.0009830441559
920.5    0.001070278813
920      0.001057122368
919.5    0.001223331899
919      0.0009541946929
918.5    0.0009081225726
918      0.0008969165501
917.5    0.001276473282
917      0.0009809945477
916.5    0.0008596690604
916      0.0008661015308
915.5    0.00132873829
915      0.0009961723117
914.5    0.0009643644444
914      0.0008869040175
913.5    0.001067060977
913      0.001038802788
912.5    0.001181565924
912      0.001140816137
911.5    0.001243294915
911      0.001108400756
910.5    0.0006599202752
910      0.001139207045
909.5    0.0008806528058
909      0.001130901859
908.5    0.001021158532
908      0.001325258869
907.5    0.001000712859
907      0.001201890409
906.5    0.0009243873064
906      0.001227433444
905.5    0.001157271327
905      0.001103340182
904.5    0.001205264824
904      0.00130710972
903.5    0.001332529238
903      0.001203863183
902.5    0.001002295525
902      0.001192286145
901.5    0.001367687946
901      0.001144216163
900.5    0.0009014041279
900      0.001067138859
899.5    0.001253808849
899      0.001017655712
898.5    0.001303604571
898      0.00106770976
897.5    0.001111255493
897      0.001121143461
896.5    0.001367973513
896      0.001056551584
895.5    0.00134748558
895      0.001131524681
894.5    0.0009057360585
894      0.001115226187
893.5    0.001287844847
893      0.001198645681
892.5    0.001267646207
892      0.00140700466
891.5    0.00111385074
891      0.001394149731
890.5    0.001458791899
890      0.001456142636
889.5    0.0009816950187
889      0.00139048812
888.5    0.001338475384
888      0.001441572094
887.5    0.001064102747
887      0.001291739289
886.5    0.0009812280769
886      0.001369168051
885.5    0.001494246535
885      0.001380619942
884.5    0.00126299914
884      0.001218269928
883.5    0.001046275836
883      0.001337670372
882.5    0.001650931197
882      0.001236311626
881.5    0.001588572748
881      0.001320091891
880.5    0.001123868511
880      0.001340994029
879.5    0.001462012529
879      0.00147689553
878.5    0.001242282451
878      0.001195167424
877.5    0.001367402263
877      0.001569451182
876.5    0.001431910554
876      0.001507961657
875.5    0.001072095241
875      0.001548745902
874.5    0.001167913084
874      0.001559059485
873.5    0.001345823752
873      0.001703942893
872.5    0.001155402628
872      0.001483440981
871.5    0.001171079697
871      0.001773153781
870.5    0.001419678214
870      0.001646253979
869.5    0.001218737219
869      0.001638588612
868.5    0.001198437996
868      0.00153832871
867.5    0.001360858441
867      0.001610786887
866.5    0.001594548346
866      0.001525859465
865.5    0.001480116276
865      0.001512195799
864.5    0.00169061136
864      0.001604733057
863.5    0.001825426589
863      0.001408484997
862.5    0.001468116301
862      0.001607071492
861.5    0.001736558741
861      0.001563346013
860.5    0.001361637493
860      0.001491337316
859.5    0.001437182771
859      0.00175610336
858.5    0.001694873325
858      0.00175924832
857.5    0.001510585309
857      0.001686115633
856.5    0.001600524061
856      0.001825062558
855.5    0.001494480297
855      0.001575530507
854.5    0.001356262364
854      0.001762783155
853.5    0.001812975155
853      0.001709816162
852.5    0.001523677493
852      0.001845599152
851.5    0.001651580795
851      0.001628507045
850.5    0.00169929117
850      0.001550356625
849.5    0.001806476619
849      0.001663741772
848.5    0.001910672523
848      0.001647215337
847.5    0.002307459246
847      0.001668678946
846.5    0.001920812647
846      0.001671147649
845.5    0.002119451528
845      0.001631702995
844.5    0.00188514113
844      0.00182885793
843.5    0.002167603467
843      0.001759352279
842.5    0.001694561448
842      0.001834628871
841.5    0.001744459616
841      0.001965146046
840.5    0.00180842611
840      0.001992138568
839.5    0.002016609767
839      0.002462198725
838.5    0.002281878609
838      0.002596446313
837.5    0.002603008877
837      0.002447334118
836.5    0.001898374641
836      0.002458137693
835.5    0.002055933466
835      0.002219637623
834.5    0.001568230218
834      0.002303451532
833.5    0.002220313996
833      0.002166172722
832.5    0.001800108119
832      0.002095988719
831.5    0.002130246954
831      0.002181287855
830.5    0.001803045394
830      0.002271261532
829.5    0.002254477935
829      0.002250054386
828.5    0.001947152195
828      0.002248649253
827.5    0.002091879025
827      0.002115055453
826.5    0.00184838078
826      0.002210895531
825.5    0.002082645195
825      0.002376428107
824.5    0.001832081354
824      0.002391134156
823.5    0.002219221322
823      0.002462797565
822.5    0.001704774448
822      0.002561891219
821.5    0.002598399529
821      0.002439316129
820.5    0.001341850962
820      0.002083061496
819.5    0.0009995971341
819      0.00216115173
818.5    0.001420301502
818      0.002093413612
817.5    0.002215110464
817      0.002227157122
816.5    0.002658428857
816      0.002350635128
815.5    0.002577202395
815      0.002569130156
814.5    0.002772312146
814      0.00252299034
813.5    0.00261319126
813      0.002706380095
812.5    0.002431689063
812      0.00219361973
811.5    0.003019717755
811      0.002801308641
810.5    0.002749413252
810      0.002145881066
809.5    0.003000898054
809      0.002666216344
808.5    0.002238111338
808      0.002197522437
807.5    0.003155728569
807      0.003120555077
806.5    0.00205322844
806      0.001792466152
805.5    0.003166862531
805      0.003165037371
804.5    0.003405961674
804      0.003618697636
803.5    0.003204699606
803      0.003559318371
802.5    0.003176693106
802      0.002893235069
801.5    0.003547417466
801      0.002565432573
800.5    0.003605751088
800      0.002670018934
799.5    0.004310443997
799      0.003522800608
798.5    0.003088277392
798      0.0036113216540000002
797.5    0.003168922942
797      0.003331536055
796.5    0.0030843716580000002
796      0.0034364865630000002
795.5    0.003048754158
795      0.0036641143730000002
794.5    0.003195122443
794      0.003364597308
793.5    0.0031234555420000002
793      0.003471614886
792.5    0.003292277316
792      0.0033631905450000003
791.5    0.003357276181
791      0.003291235166
790.5    0.003130408097
790      0.003525042069
789.5    0.003232340887
789      0.003144469904
788.5    0.003531323606
788      0.003332577972
787.5    0.003800414596
787      0.00332504916
786.5    0.00341308685
786      0.003262425168
785.5    0.003668494616
785      0.00331074684
784.5    0.003626050754
784      0.003337006877
783.5    0.0036773070230000002
783      0.003575947695
782.5    0.003834424634
782      0.003506771848
781.5    0.0034421152440000003
781      0.003616535431
780.5    0.003360324633
780      0.003614110966
779.5    0.003477478493
779      0.003560177377
778.5    0.003398208507
778      0.003806126165
777.5    0.003254011832
777      0.003671571007
776.5    0.003552696528
776      0.004080006713
775.5    0.0035794406200000003
775      0.003832572699
774.5    0.003508309461
774      0.0038661939100000002
773.5    0.003490665322
773      0.003605716955
772.5    0.0038284518290000002
772      0.0037412947050000003
771.5    0.003834450711
771      0.003882340482
770.5    0.003701920482
770      0.0036043092610000002
769.5    0.0039612030149999995
769      0.003691021679
768.5    0.0039275482770000005
768      0.0039606290869999995
767.5    0.004054823751
767      0.003813376744
766.5    0.004208527599
766      0.003534972528
765.5    0.004190411279
765      0.004035748402
764.5    0.0038646548990000002
764      0.0037046844140000003
763.5    0.003851117427
763      0.003861629265
762.5    0.003961620480000001
762      0.004042141466
761.5    0.0038857575040000003
761      0.004137189221
760.5    0.003909182828
760      0.0041741489899999994
759.5    0.003892409476
759      0.00456124181
758.5    0.004049578542
758      0.004358786717
757.5    0.004054275668
757      0.004357663774999999
756.5    0.003869167622
756      0.004183702730000001
755.5    0.0038245656530000002
755      0.004450638639
754.5    0.0042129916610000005
754      0.0042853607800000006
753.5    0.004080450256
753      0.00423873202
752.5    0.004117040057
752      0.004184224736
751.5    0.004636517354
751      0.0041031293569999995
750.5    0.00456105927
750      0.004061530438
749.5    0.004628574103
749      0.004352832772
748.5    0.0046077227220000004
748      0.004310061084
747.5    0.004523987975
747      0.004378790362
746.5    0.0044586312490000005
746      0.004324892164
745.5    0.004758982547
745      0.004366594693
744.5    0.004235729669
744      0.004739091825
743.5    0.00429186211
743      0.004514687788
742.5    0.004918609839
742      0.004892881122
741.5    0.004450377403
741      0.004813613929
740.5    0.004372653412
740      0.00475926986
739.5    0.004781226255
739      0.005007206556
738.5    0.004650680442
738      0.005160017964
737.5    0.004649922811
737      0.005009167921
736.5    0.0048733508220000004
736      0.005235031341
735.5    0.004902686086
735      0.004701169301
734.5    0.004805013631
734      0.004650602211
733.5    0.00508085927
733      0.004802608956
732.5    0.005020126328
732      0.004468765669
731.5    0.004973732028
731      0.004851572775
730.5    0.005231629685
730      0.004830266442
729.5    0.005258215219
729      0.005013901834
728.5    0.005264495593
728      0.005031058658
727.5    0.005202638079
727      0.005123157613
726.5    0.0050138231370000005
726      0.005203998741
725.5    0.005224407744
725      0.00514191445
724.5    0.005423157104
724      0.005297756847
723.5    0.005183407665
723      0.005530997273
722.5    0.0051942133350000004
722      0.005485124514
721.5    0.005371328071
721      0.005424020905
720.5    0.005332931504
720      0.005739370454
719.5    0.0052836515010000005
719      0.005512511451
718.5    0.005672284961
718      0.005620216579
717.5    0.005573575013
717      0.005483894237
716.5    0.005617204681
716      0.005644495227
715.5    0.005762005318
715      0.005584050063
714.5    0.005977356434
714      0.005820510071
713.5    0.005925225187
713      0.005625035707
712.5    0.006463376433
712      0.0055503217510000005
711.5    0.006207919773
711      0.0060178545310000005
710.5    0.006151670218
710      0.005733895209
709.5    0.006135203503
709      0.005622364208
708.5    0.006033190154
708      0.006033373624
707.5    0.006085019652
707      0.0060174088930000005
706.5    0.006335445773
706      0.006233542785
705.5    0.00607977584
705      0.006534599327
704.5    0.006016177219
704      0.006568063144
703.5    0.006322093401
703      0.006240702793
702.5    0.006078308076
702      0.006536909007
701.5    0.00638699634
701      0.006637465768
700.5    0.006332533993
700      0.006564519927
699.5    0.006284897775
699      0.006646942441
698.5    0.006328625232
698      0.006544808951
697.5    0.006607120484
697      0.0065700580370000004
696.5    0.006805348303
696      0.006848655269
695.5    0.007513274066
695      0.007307676692
694.5    0.007167169918
694      0.007240769547
693.5    0.006963128783
693      0.006654555537
692.5    0.006812097598
692      0.006718484313
691.5    0.006957664248
691      0.006738833245
690.5    0.007191325166
690      0.007242425438
689.5    0.006983384118
689      0.007093819883
688.5    0.007101624832
688      0.007082625386
687.5    0.00702337185
687      0.007312409208
686.5    0.007207411435
686      0.007445178088
685.5    0.007338675764
685      0.007528373134
684.5    0.007393527869
684      0.007414855156
683.5    0.007674232684
683      0.007494256459
682.5    0.007818957419
682      0.007604032848
681.5    0.007896800619
681      0.007691863552
680.5    0.00774702346
680      0.007933792286
679.5    0.007841068879000001
679      0.00795651516
678.5    0.007932791580000001
678      0.007925735414
677.5    0.007973525301
677      0.008181124553
676.5    0.008083738946
676      0.007951064594
675.5    0.008034146019
675      0.008003071044
674.5    0.008240166679
674      0.008403951861
673.5    0.008333423268
673      0.008257293701
672.5    0.008447287232
672      0.008372613788
671.5    0.008298769221
671      0.008586784452999999
670.5    0.008849951065999999
670      0.008580323867999999
669.5    0.008656774275000001
669      0.008543488197000002
668.5    0.008789664693
668      0.008756135218000002
667.5    0.009023811295999998
667      0.008498403803000001
666.5    0.008991372399
666      0.008763442375
665.5    0.009134741128000001
665      0.009051237814
664.5    0.009110477381000001
664      0.008979390003
663.5    0.009218445607000001
663      0.009108761885
662.5    0.009431078658
662      0.009244510532
661.5    0.009309270977999998
661      0.009162834472999998
660.5    0.009738511964999998
660      0.009663986601
659.5    0.00957633704
659      0.009657350927999998
658.5    0.009532228670999999
658      0.009816885554
657.5    0.009854093753
657      0.009742028638999999
656.5    0.009866444022000001
656      0.009662717208999999
655.5    0.009894981608000002
655      0.010200282187
654.5    0.009999069943999999
654      0.010044284724
653.5    0.01010064371
653      0.009924182295999999
652.5    0.010460853204
652      0.010446817242
651.5    0.010569818876999999
651      0.010497904942000001
650.5    0.010740712847000001
650      0.010372910276
649.5    0.010876575117
649      0.010507439822
648.5    0.010850862227000001
648      0.010830160787000002
647.5    0.010984452067000001
647      0.010955180597
646.5    0.010909447077
646      0.010808294267000002
645.5    0.011270460297
645      0.011151583497
644.5    0.011315807327
644      0.011311269927
643.5    0.011435658296999999
643      0.011431570727
642.5    0.011406249927000001
642      0.011319442276999998
641.5    0.011513568087
641      0.011580048687000001
640.5    0.011499020826999998
640      0.011960461366999998
639.5    0.011994664187000001
639      0.011909998577000001
638.5    0.012153331747
638      0.012150859087000001
637.5    0.012168061547000002
637      0.012391587347
636.5    0.012384512087000001
636      0.012481589426999999
635.5    0.012559447997000001
635      0.012544944507
634.5    0.012519399266999999
634      0.012593565137
633.5    0.012800216307000001
633      0.012542629247
632.5    0.012992741167
632      0.012723832017
631.5    0.013177249206999999
631      0.012867453136999999
630.5    0.013473826086999999
630      0.013147829657
629.5    0.013186816686999999
629      0.013184258346999999
628.5    0.013425160757
628      0.013460359166999999
627.5    0.013704936577
627      0.013786751407
626.5    0.013568906677
626      0.013751552067
625.5    0.014245046857
625      0.014070205017000001
624.5    0.013962572997
624      0.014140897057000001
623.5    0.014076961767
623      0.014265404637
622.5    0.014617775197
622      0.014420680327000002
621.5    0.014551924167000001
621      0.014492979837
620.5    0.014617989397
620      0.015019352177000001
619.5    0.014982903007
619      0.014709042017
618.5    0.015093116646999999
618      0.015006853827
617.5    0.014922481586999999
617      0.015124033767
616.5    0.015335294047
616      0.015317698567
615.5    0.015642702207
615      0.015620779807
614.5    0.015827536207
614      0.015690492097
613.5    0.016223444227
613      0.015601055326999999
612.5    0.016106047297
612      0.016004804147
611.5    0.016169155577
611      0.016084772167
610.5    0.016361488586999998
610      0.016302969867
609.5    0.016853605027
609      0.016716398857
608.5    0.016574400107
608      0.016841834967
607.5    0.016974000817
607      0.017050248197
606.5    0.017307133037
606      0.017653365246999998
605.5    0.017394446397
605      0.017740425277
604.5    0.017444367146999998
604      0.017827474136999998
603.5    0.017575612847
603      0.018091261947
602.5    0.017917100897
602      0.018166466247
601.5    0.018069053627
601      0.018417189457
600.5    0.018738285267
600      0.018230872787
599.5    0.018736368607
599      0.018866574947
598.5    0.018975105697
598      0.018745195677
597.5    0.019526599537
597      0.019297021067
596.5    0.019707656097
596      0.019308940137
595.5    0.019780381207
595      0.019459000416999998
594.5    0.020144975367
594      0.019996194727
593.5    0.020316050017
593      0.020227660057
592.5    0.020629987677
592      0.020407816957
591.5    0.021051819067
591      0.020687141087
590.5    0.020748532006999998
590      0.020907771396999997
589.5    0.021385759677
589      0.021311598456999998
588.5    0.021561291627
588      0.021709766797
587.5    0.021487234717
587      0.021971762736999998
586.5    0.021728439816999998
586      0.021966405767
585.5    0.022228038497
585      0.022499740687
584.5    0.022282817027
584      0.022518965047
583.5    0.022704896146999998
583      0.022844881376999998
582.5    0.023206249437
582      0.022934513727
581.5    0.023455668797
581      0.023233466407
580.5    0.023657508756999998
580      0.023463637197
579.5    0.024041986657
579      0.023930406757
578.5    0.024786919916999998
578      0.024094725586999998
577.5    0.025017832037
577      0.024422757886999998
576.5    0.025081536357
576      0.024772385697
575.5    0.025234070237
575      0.025286764466999997
574.5    0.025474487427
574      0.025386550087
573.5    0.025797939486999998
573      0.025766032377
572.5    0.026224684527
572      0.026080366787
571.5    0.026187448387
571      0.026748760227
570.5    0.026866732727
570      0.026820557747
569.5    0.026998216847
569      0.027219435756999998
568.5    0.027072970387
568      0.027550083217
567.5    0.027640032207
567      0.028052375277
566.5    0.027684255127
566      0.028415455107
565.5    0.028209129907
565      0.028790081477
564.5    0.028715335387
564      0.028976396286999998
563.5    0.029139677617
563      0.028986428497
562.5    0.029543957297
562      0.029536014976999998
561.5    0.030231232386999998
561      0.029696463237
560.5    0.030038754087
560      0.029716421477
559.5    0.030659391177
559      0.030602768627
558.5    0.030938393067
558      0.031001611236999998
557.5    0.031574829107
557      0.031149600257
556.5    0.031917408667000005
556      0.031569852117
555.5    0.032492954847
555      0.032042693907
554.5    0.032319382397
554      0.032332499137
553.5    0.032631837387000005
553      0.032683231497000004
552.5    0.033247959427000005
552      0.033381585587
551.5    0.033293594237000006
551      0.033794388737000004
550.5    0.033621304297000006
550      0.034213126267
549.5    0.034031931867
549      0.034742791767
548.5    0.034517370727
548      0.034870043957
547.5    0.034629043747
547      0.035329357347000004
546.5    0.035214026087
546      0.035602368977000004
545.5    0.036011364867000004
545      0.035587017057
544.5    0.036176778937000005
544      0.036046278287
543.5    0.036454763827000004
543      0.036640458367
542.5    0.037273962607
542      0.036743507347
541.5    0.037398689057
541      0.036974758467000005
540.5    0.037727762577
540      0.037429065067
539.5    0.037987441387000005
539      0.037787434277
538.5    0.038355961997000004
538      0.038209450057
537.5    0.038728751797
537      0.038454276137000004
536.5    0.038979020527
536      0.038897775677
535.5    0.039213333837
535      0.039411590067000006
534.5    0.039352402647000004
534      0.039802488497
533.5    0.039605379667
533      0.039922271487000005
532.5    0.039579608107
532      0.040296268277
531.5    0.039859440737000006
531      0.040412556937
530.5    0.040444337387000005
530      0.040745687297000004
529.5    0.040509664077000004
529      0.041055426557
528.5    0.040988453287
528      0.040803701247
527.5    0.041303884797
527      0.041136932187
526.5    0.041639943237
526      0.041688602977
525.5    0.041964930107000004
525      0.041266523857000005
524.5    0.041885406337000004
524      0.041629758287
523.5    0.042169035037
523      0.041820154157
522.5    0.042393103797
522      0.041875154337
521.5    0.042595387067
521      0.042047061587
520.5    0.042717829907
520      0.042278562297
519.5    0.042396098937000005
519      0.042220034267
518.5    0.042424373887
518      0.042569809217
517.5    0.042562395897000005
517      0.042583097327000004
516.5    0.042511698417000005
516      0.042621084117000003
515.5    0.042463601197
515      0.042852547577
514.5    0.042316008917000006
514      0.042410750497
513.5    0.042599350777
513      0.042762760637000005
512.5    0.042309739257000004
512      0.042594388687
511.5    0.042618573267000005
511      0.042460464497
510.5    0.042579189507
510      0.042618886197
509.5    0.042413313497000005
509      0.042418446947000005
508.5    0.042310651947000004
508      0.042262092787
507.5    0.042362861897000004
507      0.042154651697
506.5    0.042544231377
506      0.041837633217
505.5    0.042344395627
505      0.041779023227
504.5    0.042153254707
504      0.041807089557
503.5    0.042255111597
503      0.041584063877000005
502.5    0.041898530537
502      0.041469336117
501.5    0.041650046227000005
501      0.041409750097
500.5    0.041326031647
500      0.041526169147000004
499.5    0.041240200957000005
499      0.041203328037000005
498.5    0.040983595517
498      0.041076738947
497.5    0.040630754647
497      0.041038036907
496.5    0.040408414417
496      0.040767834147000005
495.5    0.040185794797000005
495      0.040375561077
494.5    0.039841250147000004
494      0.040519256707000004
493.5    0.039889820477
493      0.039898720197000005
492.5    0.039763499607
492      0.039526399787000004
491.5    0.039437410047
491      0.039267182907
490.5    0.039388519337
490      0.038862038967
489.5    0.039310653317000004
489      0.038715862297000005
488.5    0.039036576267
488      0.038681720007
487.5    0.038966518457000006
487      0.038543742707000006
486.5    0.038759757397
486      0.038224354947
485.5    0.038298581357000004
485      0.037991617437000004
484.5    0.038146950867000005
484      0.038059257527000005
483.5    0.037928220447000005
483      0.037654985297
482.5    0.037641648767000005
482      0.037569564397
481.5    0.037489120477
481      0.037477423067000006
480.5    0.037295904567
480      0.037385780927000005
479.5    0.036872752567000004
479      0.037469927777000006
478.5    0.036622483847
478      0.037181459927000005
477.5    0.036474641967
477      0.037378285637000006
476.5    0.036487352667000005
476      0.036809210297
475.5    0.036403652837000006
475      0.036289074087
474.5    0.036211986657000005
474      0.036317971167
473.5    0.036156155727000004
473      0.036260463857000005
472.5    0.036125977147000006
472      0.035992544707
471.5    0.036142554697
471      0.035619486687000004
470.5    0.036146402917000005
470      0.035380933997
469.5    0.035880603457000004
469      0.035458125737
468.5    0.035605427437
468      0.035146494027
467.5    0.035473358447
467      0.035126533917000005
466.5    0.035325430897
466      0.035233315637
465.5    0.035184030047
465      0.035143409487
464.5    0.035327788997
464      0.035226196607
463.5    0.034652285837
463      0.035094693867
462.5    0.034833457877000006
462      0.034931481447
461.5    0.034537356907
461      0.034914699007000005
460.5    0.034590885607
460      0.035004869667000005
459.5    0.034573276157
459      0.034733772837
458.5    0.034645956567
458      0.034742791767
457.5    0.034385637007
457      0.034506399747000004
456.5    0.034391541597
456      0.034481879887
455.5    0.034304686447
455      0.034356728757
454.5    0.034548890407
454      0.034184482507
453.5    0.034429431517
453      0.034168903347000006
452.5    0.034486610997000004
452      0.034348782707
451.5    0.034412108917
451      0.034180567227000004
450.5    0.034228984827
450      0.034107264687000004
449.5    0.034478381837
449      0.034061600077
448.5    0.034282081387
448      0.034055699227000004
447.5    0.033985380647000005
447      0.034148403067000004
446.5    0.034130868127
446      0.034112662637
445.5    0.034025613777
445      0.034090065027
444.5    0.033999555377
444      0.034215335357000005
443.5    0.033739731277
443      0.034011886087
442.5    0.033914261127
442      0.034284599687000004
441.5    0.033912640627
441      0.034180343707
440.5    0.033992399087000004
440      0.034139480997
439.5    0.033834297767000004
439      0.034107290767000004
438.5    0.033876583537
438      0.034120686907
437.5    0.033920858617000005
437      0.034253098627
436.5    0.034167420677
436      0.034116827507
435.5    0.034068227377
435      0.034052987207
434.5    0.034224510747
434      0.034025278497
433.5    0.033889215997000004
433      0.034049995807
432.5    0.034146387687000006
432      0.034073621597
431.5    0.034310617107
431      0.034095407087000006
430.5    0.034246218017
430      0.034040067907
429.5    0.034296881967
429      0.034013815787
428.5    0.034316998537
428      0.034127370087
427.5    0.034286641147
427      0.034401920247
426.5    0.034568712677000006
426      0.034413815107
425.5    0.034153689257000006
425      0.034408275597
424.5    0.034207642637000005
424      0.034495652277
423.5    0.034493074377
423      0.034596510787000004
422.5    0.034444682857
422      0.034541503157000004
421.5    0.034664270097
421      0.034826651777
420.5    0.034426801467
420      0.034787044487000006
419.5    0.034619134477000005
419      0.034448404427
418.5    0.034715235797000005
418      0.034433629927000005
417.5    0.034738086727
417      0.034536321277
416.5    0.034839004837000004
416      0.034590855797000004
415.5    0.034967151097
415      0.034858782407
414.5    0.035062153447000005
414      0.034714170357
413.5    0.034991615077
413      0.034780264457000006
412.5    0.035095166977000006
412      0.035003185827
411.5    0.035072997767
411      0.035342846627000005
410.5    0.035439022447
410      0.035569284667
409.5    0.035315335357
409      0.035455741547
408.5    0.035255916977
408      0.035749547747
407.5    0.035346098807
407      0.035557441977000004
406.5    0.035394762267
406      0.035219103657000005
405.5    0.035221960957000004
405      0.035205055587
404.5    0.035570126587000005
404      0.035699669827
403.5    0.035514627207
403      0.035419613687
402.5    0.035621759107
402      0.035279498067
401.5    0.035580818167000004
401      0.035680022647
400.5    0.035770040567000005
400      0.035613705027
399.5    0.035860416107000005
399      0.036278114277
398.5    0.036331292797
398      0.036405589987000005
397.5    0.036195491067000006
397      0.036317717847000004
396.5    0.036537912307
396      0.036346640997
395.5    0.036695566587
395      0.036624678037
394.5    0.036209010147
394      0.036896646577
393.5    0.036913790367
393      0.036714558117
392.5    0.036592051947
392      0.036894452387
391.5    0.036974844147
391      0.037157495137
390.5    0.036909875087
390      0.037101343837000006
389.5    0.037248608287
389      0.037200302447000004
388.5    0.037360225427
388      0.037443265877000004
387.5    0.036860090307
387      0.037578613127000005
386.5    0.037133981097
386      0.037540134597
385.5    0.037388429607
385      0.037679177337000005
384.5    0.037408296577000004
384      0.037658848427
383.5    0.037450623327000006
383      0.038096003797000004
382.5    0.038168091887
382      0.037764054347
381.5    0.038076557777
381      0.038056068677
380.5    0.038219865967
380      0.038468372637
379.5    0.037737377547
379      0.038276076877
378.5    0.038816691007000005
378      0.038356610197000006
377.5    0.039174851587
377      0.038879793697
376.5    0.039351467607
376      0.038556740247
375.5    0.038648374937000005
375      0.038893282977
374.5    0.039328259047000005
374      0.038616840357000005
373.5    0.038756792057
373      0.039248787427000005
372.5    0.039399419537000005
372      0.039684944417000004
371.5    0.039403495007
371      0.039255213547000005
370.5    0.039501395637
370      0.039919011857
369.5    0.039341476377
369      0.039769109897000006
368.5    0.040282454897000004
368      0.039619599097000004
367.5    0.040339328907000004
367      0.040205561187
366.5    0.040156245787
366      0.039813962397000004
365.5    0.041150261277
365      0.040283132907
364.5    0.040609263447000006
364      0.040580168927000004
363.5    0.040727455727000005
363      0.041091062687
362.5    0.041885119487
362      0.041296832827
361.5    0.040378027227000006
361      0.041769743527000004
360.5    0.042359103077000006
360      0.040820003117
359.5    0.041790038907000004
359      0.042149209047
358.5    0.042271581107
358      0.041769773327
357.5    0.042038802617
357      0.042091068437
356.5    0.041285403627000006
356      0.043360494637
355.5    0.041583721157
355      0.041854031947000006
354.5    0.041277159567
354      0.042260524447
353.5    0.041706845727
353      0.041742362637
352.5    0.044153508357
352      0.043386377957000004
351.5    0.042173397357
351      0.041722756437000005
350.5    0.042984452657
350      0.041155736893333336
349.5    0.04080505296333334
349      0.04326121509333333
348.5    0.04122266918333334
348      0.04182932153333334
347.5    0.04156044498333333
347      0.04225881770333333
346.5    0.04218473285333334
346      0.040807280693333337
345.5    0.04351312667333334
345      0.04140906036333333
344.5    0.04315516352333334
344      0.042579386383333334
343.5    0.043866090473333334
343      0.04345480725333334
342.5    0.04246085137333334
342      0.04430509731333333
341.5    0.04153099656333334
341      0.043717239053333336
340.5    0.04199070483333334
340      0.04384362325333334
339.5    0.04353356361333333
339      0.043573323633333334
338.5    0.044029414653333335
338      0.04376224801333334
337.5    0.04436304047333334
337      0.04392133280333334
336.5    0.04464371875333334
336      0.043804213403333334
335.5    0.04431243986333334
335      0.044367391613333335
334.5    0.04432439059333334
334      0.044420965013333334
333.5    0.044410336763333336
333      0.044364195313333334
332.5    0.044289343063333333
332      0.044321596623333334
331.5    0.04461219162333334
331      0.044489499183333336
330.5    0.04565947130333334
330      0.04512329772333334
329.5    0.045241896063333335
329      0.04439622164333334
328.5    0.04568694532333334
328      0.04513786733333334
327.5    0.04552169889333334
327      0.045230496673333336
326.5    0.045449826863333334
326      0.046356547623333334
325.5    0.046038299803333335
325      0.046126667413333336
324.5    0.045749843123333335
324      0.04612478614333334
323.5    0.046441737563333335
323      0.046488799153333336
322.5    0.04652856663333334
322      0.04609832912333334
321.5    0.04717874154333333
321      0.04664453864333334
320.5    0.046669989823333334
320      0.04685508087333334
319.5    0.04713879525333334
319      0.047585245223333336
318.5    0.04739952087333334
318      0.047699525953333335
317.5    0.04758074507333333
317      0.04765227809333333
316.5    0.04708743468333334
316      0.047369532283333335
315.5    0.04831962660333334
315      0.04774904251333334
314.5    0.04843337461333334
314      0.04791696742333334
313.5    0.04819152876333334
313      0.04825586453333334
312.5    0.04883956909333333
312      0.04892941192333334
311.5    0.04886768386333334
311      0.048360060903333335
310.5    0.048959944393333336
310      0.04909491166333334
309.5    0.04884885251333334
309      0.049254707993333334
308.5    0.04889992997333334
308      0.049207638953333334
307.5    0.04923236742333334
307      0.049206562343333336
306.5    0.04970412329333334
306      0.04952445999333334
305.5    0.04948476329333334
305      0.04930049926333334
304.5    0.04996829107333334
304      0.04950297996333334
303.5    0.049595873803333336
303      0.04917540028333334
302.5    0.04969426989333334
302      0.050002954903333334
301.5    0.05032012239333333
301      0.049698993563333335
300.5    0.04983736947333334
300      0.049977015703333336
299.5    0.05018696189333333
299      0.050292704253333334
298.5    0.05034529045333334
298      0.04968298599333334
297.5    0.05052722245333333
297      0.049875143913333336
296.5    0.05003849417333334
296      0.05053981393333334
295.5    0.05043273046333334
295      0.049888473003333336
294.5    0.05014650523333334
294      0.05023287982333333
293.5    0.05029600113333334
293      0.049853615463333334
292.5    0.049617972223333334
292      0.050517816093333334
291.5    0.049703426663333335
291      0.049622576683333336
290.5    0.04994702339333334
290      0.04966528713333333
289.5    0.049329720443333336
289      0.04922890290333334
288.5    0.049518719313333334
288      0.049674734473333336
287.5    0.04942085966333334
287      0.04960861429333334
286.5    0.04964930936333334
286      0.04921710491333334
285.5    0.049862600863333335
285      0.048947632313333336
284.5    0.04951090738333334
284      0.049144588413333336
283.5    0.049408182503333335
283      0.04942444339333334
282.5    0.04928654805333334
282      0.04862829670333334
281.5    0.04937968775333334
281      0.049506418403333335
280.5    0.04933764413333334
280      0.049198027703333334
279.5    0.049141269173333335
279      0.04953358322333334
278.5    0.04879772663333334
278      0.049297440793333334
277.5    0.04905126989333334
277      0.049450434743333334
276.5    0.049477130173333335
276      0.049272302543333334
275.5    0.049582436683333335
275      0.04993928969333333
274.5    0.049533173443333335
274      0.04918390512333334
273.5    0.049723748123333335
273      0.049828648563333335
272.5    0.04998944327333334
272      0.05029956624333334
271.5    0.050168979913333335
271      0.05012140423333333
270.5    0.050827410073333336
270      0.050648242233333335
269.5    0.051309272643333334
269      0.050957109783333336
268.5    0.05094541237333334
268      0.05147328228333334
267.5    0.05168987065333334
267      0.051891356703333336
266.5    0.052077427503333336
266      0.051927492023333334
265.5    0.05275766924333334
265      0.05256382003333333
264.5    0.05269597843333334
264      0.05256664008333334
263.5    0.053004600113333335
263      0.05345794558333333
262.5    0.05351906642333334
262      0.05400478095333334
261.5    0.05430066213333334
261      0.05442892760333334
260.5    0.054642070083333334
260      0.05495405569333334
259.5    0.05568470061333334
259      0.055652920153333334
258.5    0.055518530313333335
258      0.055709593003333335
257.5    0.056530062113333335
257      0.056548278783333336
256.5    0.05729410425333334
256      0.056904088703333335
255.5    0.057772982863333336
255      0.057901415973333335
254.5    0.05833625793333334
254      0.058322872963333335
253.5    0.05871916562333333
253      0.05887268856333334
252.5    0.05937519297333334
252      0.05951680615333334
251.5    0.06043475866333334
251      0.06044904515333334
250.5    0.06101095676333334
250      0.06165028363333334
249.5    0.06206999719333333
249      0.061774864793333335
248.5    0.06236566603333333
248      0.06264539808333333
247.5    0.06327729672333335
247      0.06344095617333334
246.5    0.06402529031333334
246      0.06428136676333335
245.5    0.06444769352333335
245      0.06515144557333333
244.5    0.06553829461333333
244      0.06598503142333334
243.5    0.06664718687333335
243      0.06655836850333333
242.5    0.06714490801333334
242      0.06766534596333335
241.5    0.06802600622333332
241      0.06811552495333334
240.5    0.06928755343333334
240      0.06988310814333334
239.5    0.07022017985333334
239      0.07056362927333334
238.5    0.07136651873333333
238      0.07171100378333334
237.5    0.07196830958333333
237      0.07268518954333333
236.5    0.07370778918333334
236      0.07427240908333332
235.5    0.07463714480333333
235      0.07522030174333333
234.5    0.07590187341333335
234      0.07630701363333334
233.5    0.07726031542333334
233      0.07770585268333333
232.5    0.07845130563333333
232      0.07896405458333333
231.5    0.07953933626333334
231      0.08005615324333334
230.5    0.08043097704333332
230      0.08119473606333333
229.5    0.08246386051333335
229      0.08256798237333335
228.5    0.08330731094333332
228      0.08390563726333333
227.5    0.08458013832333333
227      0.08518850803333333
226.5    0.08576259762333333
226      0.08639553189333335
225.5    0.08723270893333335
225      0.08745828271333334
224.5    0.08872615546333334
224      0.08905899524333333
223.5    0.08973032981333334
223      0.09036162495333333
222.5    0.09113510698333332
222      0.09151846915333334
221.5    0.09239939600333333
221      0.09257488698333333
220.5    0.09324549883333333
220      0.09399672597333333
219.5    0.09470336139333332
219      0.09490276128333333
218.5    0.09607161581333334
218      0.09611048549333334
217.5    0.09711502492333335
217      0.09723921120333334
216.5    0.09786470979333334
216      0.09884987030333334
215.5    0.09894747290333333
215      0.09906169770333334
214.5    0.10036804530333335
214      0.10066553210333334
213.5    0.10121374580333334
213      0.10193055870333334
212.5    0.10283179580333335
212      0.10292911530333335
211.5    0.10445949430333334
211      0.10464601960333333
210.5    0.10532530400333334
210      0.10593037310333334
209.5    0.10754057020333332
209      0.10689812900333334
208.5    0.10882967710333333
208      0.10938943920333333
207.5    0.11026037480333334
207      0.11050105840333332
206.5    0.11146105080333332
206      0.11226711420333332
205.5    0.11288207770333333
205      0.11323314900333334
204.5    0.11439249660333334
204      0.11352161320333334
203.5    0.11475292590333333
203      0.11451217530333332
202.5    0.11559577290333334
202      0.11486921460333333
201.5    0.11646813900333333
201      0.11542385820333334
200.5    0.11641853300333332
200      0.11665142330333333
