1200     0.0008171859081
1199.5   0.0007991357124
1199     0.0005744528607
1198.5   0.0005523953005
1198     0.0005701760529
1197.5   0.0005906533333
1197     0.0006519353483
1196.5   0.0008795892936
1196     0.0007356029237
1195.5   0.0006761757541
1195     0.0006928467192
1194.5   0.0007493459852
1194     0.0008707184461
1193.5   0.0009271370945
1193     0.0008848807774
1192.5   0.0009231421864
1192     0.0009003146552
1191.5   0.0009796454106
1191     0.0008943745052
1190.5   0.0009712395258
1190     0.0009870396461
1189.5   0.001063428121
1189     0.001136637642
1188.5   0.001071057282
1188     0.001049026381
1187.5   0.0009292124305
1187     0.00116443506
1186.5   0.00116305938
1186     0.001177205238
1185.5   0.001132510952
1185     0.001169236843
1184.5   0.001166874776
1184     0.001280185883
1183.5   0.001184369321
1183     0.001356755733
1182.5   0.001276213676
1182     0.001347927027
1181.5   0.001311809174
1181     0.001288026571
1180.5   0.001357041299
1180     0.001388384611
1179.5   0.001381736598
1179     0.001378256828
1178.5   0.001432092395
1178     0.001512481482
1177.5   0.001544823172
1177     0.001381528913
1176.5   0.001408121432
1176     0.001530951005
1175.5   0.001498948084
1175     0.001534354058
1174.5   0.001563787693
1174     0.001690897276
1173.5   0.001664313371
1173     0.001596860704
1172.5   0.001365740318
1172     0.0017229144
1171.5   0.00149063603
1171     0.001864420832
1170.5   0.001393422601
1170     0.001856569666
1169.5   0.001427027979
1169     0.001995753264
1168.5   0.001388462493
1168     0.001951728598
1167.5   0.001582415309
1167     0.002066337038
1166.5   0.001572984504
1166     0.002017467981
1165.5   0.001721511013
1165     0.00219835504
1164.5   0.001745811198
1164     0.002109514782
1163.5   0.001952560735
1163     0.002140340162
1162.5   0.001810505637
1162     0.00218800013
1161.5   0.00217894651
1161     0.002225725912
1160.5   0.001777442405
1160     0.002315006219
1159.5   0.002364533488
1159     0.00245191576
1158.5   0.002152462723
1158     0.002308135852
1157.5   0.002204156714
1157     0.002338090446
1156.5   0.002172676614
1156     0.002447203966
1155.5   0.002179180505
1155     0.002308422234
1154.5   0.002199499635
1154     0.002338402905
1153.5   0.002294968115
1153     0.002318441402
1152.5   0.002338324673
1152     0.00237530889
1151.5   0.002214590088
1151     0.002370025264
1150.5   0.002633478492
1150     0.002326899674
1149.5   0.00269656023
1149     0.002200358314
1148.5   0.002218180569
1148     0.00204344932
1147.5   0.002372784074
1147     0.002108370187
1146.5   0.002411671448
1146     0.002060745144
1145.5   0.001936829416
1145     0.001820253558
1144.5   0.00198509125
1144     0.001879369491
1143.5   0.001787059591
1143     0.001879525487
1142.5   0.001686895266
1142     0.001861743047
1141.5   0.001727332477
1141     0.001638562651
1140.5   0.001375270542
1140     0.001429780968
1139.5   0.001423547859
1139     0.00140396622
1138.5   0.001599406824
1138     0.001501935301
1137.5   0.001097708591
1137     0.001326790894
1136.5   0.001422275323
1136     0.001123634982
1135.5   0.001203525695
1135     0.001071342733
1134.5   0.0008584759198
1134     0.0009117542068
1133.5   0.001029876759
1133     0.0007720359135
1132.5   0.0007678868133
1132     0.0007442117203
1131.5   0.0007493200246
1131     0.0007995247142
1130.5   0.0008848289144
1130     0.0005607412895
1129.5   0.001026737154
1129     0.0006685794215
1128.5   0.0008867483702
1128     0.0006115981378
1127.5   0.0009197698673
1127     0.0005284209619
1126.5   0.0008174711838
1126     0.0004087505222
1125.5   0.001033872715
1125     0.0003726589202
1124.5   0.0008376748301
1124     0.0005274101859
1123.5   0.0006878946442
1123     0.000619945291
1122.5   0.0007465195376
1122     0.0005470560282
1121.5   0.0009777774103
1121     0.0005573977251
1120.5   0.0007650342886
1120     0.0005507105961
1119.5   0.0007466232637
1119     0.0005067544989
1118.5   0.0004333660472
1118     0.0004609889293
1117.5   0.0006464134203
1117     0.0006253372412
1116.5   0.0004942371743
1116     0.0005509697949
1115.5   0.0002646351932
1115     0.0005927788443
1114.5   0.0003944482596
1114     0.0006606721436
1113.5   0.0002360147191
1113     0.0008226322243
1112.5   0.0000179134604
1112     0.0007204082794
1111.5   0.00007300456491
1111     0.0006983951898
1110.5   0.000236429114
1110     0.0007245828747
1109.5   0.0001791937539
1109     0.0006775758229
1108.5   0.0002055314399
1108     0.0007697279216
1107.5   0.0005404727999
1107     0.0006815944216
1106.5   0.0005459933891
1106     0.0007164670969
1105.5   0.0003316740913
1105     0.0007372624241
1104.5   0.0005330084241
1104     0.0006059471052
1103.5   0.0002629774972
1103     0.0005836287164
1102.5   0.0005041888217
1102     0.0004805799399
1101.5   0.0003821932478
1101     0.0004739717697
1100.5   0.0005478077219
1100     0.000339756778
1099.5   0.0004673377844
1099     0.0003539536265
1098.5   0.0005660547758
1098     0.000323513872
1097.5   0.000751627842
1097     0.0004116783966
1096.5   0.0007597702206
1096     0.0003542385821
1095.5   0.0005955265369
1095     0.0002827927237
1094.5   0.000636121491
1094     0.0002877660736
1093.5   0.0007703762385
1093     0.0003264411644
1092.5   0.001032938599
1092     0.0003321663244
1091.5   0.0009479165892
1091     0.0003443940077
1090.5   0.0008979281993
1090     0.0003788510221
1089.5   0.0008700959734
1089     0.0004164200509
1088.5   0.0009058138821
1088     0.0003676845809
1087.5   0.0006986025837
1087     0.0004249188933
1086.5   0.0008235918358
1086     0.0005340710049
1085.5   0.0005352114094
1085     0.0006050398224
1084.5   0.0004587862932
1084     0.000657742552
1083.5   0.0004581902758
1083     0.000694091199
1082.5   0.0005764487432
1082     0.0006534390268
1081.5   0.0003149911354
1081     0.00076661614
1080.5   0.0001666081662
1080     0.0007368734805
1079.5   0.0003301197721
1079     0.0008159928839
1078.5   0.0003583319194
1078     0.0007337878342
1077.5   0.00006562588533
1077     0.0006536982255
1076.5   0.0001025982128
1076     0.0007399850874
1075.5   0.00006653203309
1075     0.0006048065261
1074.5   0.0004836637818
1074     0.0006556426524
1073.5   0.0006312996848
1073     0.0006860019639
1072.5   0.0003693426843
1072     0.0006131535047
1071.5   0.0003391609353
1071     0.0005890721222
1070.5   0.0005440494861
1070     0.0005234707496
1069.5   0.000976454292
1069     0.0005506069283
1068.5   0.0006694609183
1068     0.0004591749748
1067.5   0.0009919692529
1067     0.0005040073884
1066.5   0.0008621331071
1066     0.0004662493884
1065.5   0.00103247154
1065     0.0004798025184
1064.5   0.0006919911248
1064     0.0004394035495
1063.5   0.000561933557
1063     0.0005473670899
1062.5   0.0006528427475
1062     0.0006153568975
1061.5   0.0008120508282
1061     0.0005422611139
1060.5   0.0006145014777
1060     0.0006336068618
1059.5   0.0003659746726
1059     0.0006105353241
1058.5   0.0005509438342
1058     0.0007234160439
1057.5   0.0003921941388
1057     0.0006421618164
1056.5   0.0005458119558
1056     0.0007152225589
1055.5   0.0007241161657
1055     0.0007021806086
1054.5   0.0005747380201
1054     0.0007726582699
1053.5   0.0006955949939
1053     0.0008032332407
1052.5   0.0007486976683
1052     0.0006612165598
1051.5   0.0009191472782
1051     0.0007173227496
1050.5   0.0009965874488
1050     0.0007471677964
1049.5   0.0007338655996
1049     0.0007202008856
1048.5   0.0006805832381
1048     0.0006874279352
1047.5   0.0009990263497
1047     0.0006559537142
1046.5   0.0007519390201
1046     0.0007226122543
1045.5   0.0008073308272
1045     0.0007446784875
1044.5   0.0006488243816
1044     0.0006604906521
1043.5   0.0006288110162
1043     0.0008681765758
1042.5   0.0008716003504
1042     0.0007318431162
1041.5   0.0008840766968
1041     0.0008240067982
1040.5   0.00123215816
1040     0.0009477609419
1039.5   0.0009767137235
1039     0.0007997062639
1038.5   0.001186264097
1038     0.0009809685871
1037.5   0.000872741628
1037     0.0008828056743
1036.5   0.0008905614377
1036     0.0008470896864
1035.5   0.0006682942621
1035     0.0009516004357
1034.5   0.0004826012882
1034     0.0009034533286
1033.5   0.0006348252646
1033     0.001049130224
1032.5   0.00043621636
1032     0.001033613225
1031.5   0.0006494465633
1031     0.001092700055
1030.5   0.0004524116521
1030     0.0009947454091
1029.5   0.0006503280019
1029     0.001135807019
1028.5   0.0007487495313
1028     0.001117561944
1027.5   0.001270424109
1027     0.0009572040872
1026.5   0.0008751538699
1026     0.0009863391751
1025.5   0.001012025285
1025     0.000951807946
1024.5   0.0007846649969
1024     0.000872845354
1023.5   0.0006659349892
1023     0.0009678149363
1022.5   0.001295737573
1022     0.000944621861
1021.5   0.001047261874
1021     0.0008947376627
1020.5   0.001195868244
1020     0.000935619988
1019.5   0.0013790878
1019     0.0009212225559
1018.5   0.001181643805
1018     0.0008204796468
1017.5   0.001248357119
1017     0.0009309505112
1016.5   0.001327829435
1016     0.0008760617347
1015.5   0.001488583977
1015     0.001075494685
1014.5   0.00127722614
1014     0.0009744825074
1013.5   0.001347667305
1013     0.001114343875
1012.5   0.001417392748
1012     0.001145384158
1011.5   0.001199761871
1011     0.001090753707
1010.5   0.001304383506
1010     0.001235974138
1009.5   0.001301890938
1009     0.001395240426
1008.5   0.001447909279
1008     0.001319910167
1007.5   0.00112288224
1007     0.001427002018
1006.5   0.001178243547
1006     0.001374673215
1005.5   0.001336060464
1005     0.001492376323
1004.5   0.001125944778
1004     0.001600368181
1003.5   0.0008799524512
1003     0.001598445466
1002.5   0.001376906526
1002     0.001661896822
1001.5   0.001417236985
1001     0.0016584408
1000.5   0.001458402257
1000     0.001787475543
999.5    0.001202149899
999      0.001675643143
998.5    0.001345304423
998      0.001633781707
997.5    0.001463389141
997      0.001605304657
996.5    0.001299917698
996      0.001526638865
995.5    0.001665352844
995      0.001732348464
994.5    0.002010758501
994      0.001611800166
993.5    0.002033436438
993      0.00147144089
992.5    0.00206425623
992      0.001595171867
991.5    0.001554279355
991      0.00151404005
990.5    0.001775311073
990      0.001608838211
989.5    0.002458449919
989      0.001676422777
988.5    0.002056661528
988      0.001716677099
987.5    0.002280031098
987      0.001818070072
986.5    0.002148560714
986      0.001717846608
985.5    0.001803227351
985      0.001830261666
984.5    0.001905472483
984      0.001902768505
983.5    0.002326040762
983      0.002037051367
982.5    0.002219689777
982      0.00206048484
981.5    0.002244225936
981      0.002198068658
980.5    0.001966446405
980      0.002256975975
979.5    0.00216414337
979      0.002173118759
978.5    0.00218139193
978      0.002268217038
977.5    0.001931031118
977      0.00241695554
976.5    0.002166510792
976      0.002524552634
975.5    0.002160761505
975      0.002701066434
974.5    0.002323906636
974      0.002472768305
973.5    0.002169554587
973      0.002579650143
972.5    0.002475840272
972      0.002659470774
971.5    0.002338975435
971      0.002422526013
970.5    0.002211624058
970      0.002704374492
969.5    0.002351728268
969      0.002557802945
968.5    0.002141484758
968      0.002463578479
967.5    0.002263012808
967      0.002497344976
966.5    0.002735164016
966      0.002589493524
965.5    0.002940482693
965      0.002527676988
964.5    0.002643896034
964      0.002448791871
963.5    0.002610847354
963      0.002579337684
962.5    0.00252835406
962      0.002469618339
961.5    0.002754467074
961      0.002425597748
960.5    0.002894954989
960      0.002597019309
959.5    0.002997848438
959      0.002490966348
958.5    0.0029851289
958      0.00252278219
957.5    0.002773093758
957      0.002558011329
956.5    0.002460324438
956      0.002531270264
955.5    0.00306293834
955      0.002506847959
954.5    0.00272560399
954      0.002407428576
953.5    0.002838853281
953      0.002474252367
952.5    0.002345794113
952      0.002459465293
951.5    0.00246245903
951      0.00254957471
950.5    0.002549757017
950      0.002599779749
949.5    0.00243561971
949      0.002614102792
948.5    0.00260980567
948      0.002592592267
947.5    0.002579546068
947      0.002641473897
946.5    0.002398552373
946      0.002538638888
945.5    0.002542518545
945      0.002518017311
944.5    0.002126188949
944      0.002418413293
943.5    0.002456028946
943      0.002480188152
942.5    0.002424868755
942      0.002404981758
941.5    0.002342306776
941      0.002482817508
940.5    0.002751471242
940      0.002472560154
939.5    0.002616055775
939      0.002530280733
938.5    0.002412998816
938      0.002504192293
937.5    0.002482400974
937      0.002452827059
936.5    0.002471076092
936      0.002484587952
935.5    0.002615769394
935      0.002526219003
934.5    0.002707187785
934      0.002595665166
933.5    0.002435775939
933      0.002381347353
932.5    0.002347303787
932      0.002524578711
931.5    0.002301343717
931      0.00266004377
930.5    0.00271622627
930      0.002621707041
929.5    0.002637228929
929      0.002544757677
928.5    0.002661450068
928      0.002536790213
927.5    0.002286354546
927      0.002659366466
926.5    0.002564104507
926      0.002554574283
925.5    0.00239212322
925      0.002558948705
924.5    0.00260964944
924      0.002469045576
923.5    0.002256689593
923      0.002528614365
922.5    0.002468446735
922      0.002584076952
921.5    0.002595977625
921      0.002588295611
920.5    0.002502734307
920      0.00253220764
919.5    0.002551267389
919      0.002457174473
918.5    0.002898577135
918      0.002536165295
917.5    0.003023445373
917      0.00253666006
916.5    0.002645979635
916      0.00246417732
915.5    0.0029198681
915      0.002532910556
914.5    0.002712839982
914      0.00266561727
913.5    0.003188401461
913      0.002702707425
912.5    0.002688954584
912      0.0026400676
911.5    0.002887945157
911      0.002617982915
910.5    0.00284242304
910      0.002688068897
909.5    0.003109213663
909      0.002831036691
908.5    0.002806311008
908      0.002694294089
907.5    0.002309489064
907      0.002949317684
906.5    0.003142430447
906      0.002929510782
905.5    0.002469488187
905      0.002884818241
904.5    0.002780779032
904      0.00316608022
903.5    0.002788464539
903      0.003115131985
902.5    0.002413389273
902      0.00305180694
901.5    0.002781482413
901      0.003105328884
900.5    0.002782472409
900      0.003188531846
899.5    0.002980333054
899      0.003163107671
898.5    0.002655329648
898      0.003145924537
897.5    0.002829499543
897      0.00324423518
896.5    0.003216956276
896      0.003239645157
895.5    0.002896440448
895      0.003160369815
894.5    0.003195181256
894      0.0034435587
893.5    0.003218390513
893      0.003123188391
892.5    0.00306455465
892      0.003122979775
891.5    0.003319691401
891      0.003227387788
890.5    0.003468555631
890      0.003075164976
889.5    0.003215443809
889      0.003106997581
888.5    0.003455796046
888      0.003207229078
887.5    0.003534498857
887      0.003226344706
886.5    0.003328951541
886      0.003117999993
885.5    0.003435287625
885      0.003167488379
884.5    0.003623083001
884      0.003237636993
883.5    0.003539039986
883      0.003223163076
882.5    0.003720457433
882      0.003371889703
881.5    0.003768003779
881      0.003373011481
880.5    0.003613790497
880      0.003341968171
879.5    0.003802707419
879      0.00352901849
878.5    0.003929690458
878      0.003380785696
877.5    0.003379507456
877      0.003523355583
876.5    0.003600687254
876      0.003643025877
875.5    0.00378803187
875      0.003737088991
874.5    0.003718708176
874      0.003734712955
873.5    0.003332159948
873      0.003799965605
872.5    0.00383127667
872      0.003874003422
871.5    0.003434635233
871      0.003868074855
870.5    0.003525730222
870      0.003936560359
869.5    0.00338981254
869      0.003981047776
868.5    0.003464641515
868      0.00408511376
867.5    0.003584217513
867      0.004021725617
866.5    0.003964955453
866      0.004193673842
865.5    0.003487056354
865      0.004045762587
864.5    0.003863660851
864      0.004095748998
863.5    0.004008322489
863      0.004171666689
862.5    0.003802942578
862      0.00408263132
861.5    0.004061884247
861      0.004166936502
860.5    0.004173391964
860      0.004087517504
859.5    0.004013834987
859      0.004065542482
858.5    0.004161761608
858      0.004177834839
857.5    0.003846528474
857      0.004058618098
856.5    0.004166857805
856      0.004216649104
855.5    0.004607412498
855      0.00421019271
854.5    0.004357584752
854      0.00417247694
853.5    0.004720970988
853      0.004199920688
852.5    0.004415478092
852      0.004251336213
851.5    0.004590119701
851      0.004301999696
850.5    0.004805504344
850      0.004350707866
849.5    0.004364435095
849      0.004318470601
848.5    0.004514547065
848      0.004421727732
847.5    0.0044881301
847      0.004514102824
846.5    0.004562782589
846      0.004525925498
845.5    0.004764151759
845      0.004551194143
844.5    0.004745622631
844      0.004809561651
843.5    0.004650425166
843      0.004738949239
842.5    0.004795401357
842      0.004767920356
841.5    0.004549990874
841      0.005085604265
840.5    0.005005650688
840      0.005009055138
839.5    0.004635511432
839      0.004927387927
838.5    0.004899086431
838      0.005063761491
837.5    0.004694697913
837      0.004974961746
836.5    0.005047707818
836      0.004974856973
835.5    0.004783806857
835      0.005099433009
834.5    0.005200649612
834      0.005079658702
833.5    0.00465508271
833      0.005167039111
832.5    0.005220743828
832      0.005267826375
831.5    0.005214980338
831      0.00518605765
830.5    0.005406167824
830      0.005182835739
829.5    0.005250507034
829      0.005374873988
828.5    0.005265939515
828      0.005408789031
827.5    0.005626520608
827      0.005447136238
826.5    0.00557727553
826      0.005424148403
825.5    0.005573395174
825      0.005405643489
824.5    0.005381137598
824      0.005487479735
823.5    0.0055904123
823      0.005643251352
822.5    0.005719912704
822      0.005573552102
821.5    0.005743991584
821      0.005801755469
820.5    0.005718863569
820      0.005740660243
819.5    0.005853072274
819      0.005735834129
818.5    0.00574627379
818      0.005880779587
817.5    0.005969528574
817      0.006013542414
816.5    0.005797243211
816      0.00601102272
815.5    0.00598687632
815      0.006027400959
814.5    0.005811383482
814      0.006178220268
813.5    0.006409473252
813      0.006225458812
812.5    0.006354465615
812      0.006350840908
811.5    0.006460967474
811      0.006310128607
810.5    0.006557271816
810      0.006370830815
809.5    0.006436454598
809      0.006459206808
808.5    0.00630416628
808      0.006442943588
807.5    0.006652940996
807      0.00663186051
806.5    0.006707618479
806      0.00662875874
805.5    0.00653096661
805      0.006865722127
804.5    0.006837978028
804      0.006903067697
803.5    0.007329769433
803      0.007053454872
802.5    0.006831114646
802      0.007096183952
801.5    0.00721323723
801      0.007159575354
800.5    0.007384479512
800      0.007435220294
799.5    0.007089606021
799      0.0069596827497
798.5    0.0071599864867
798      0.0067963459996999995
797.5    0.0074311624747
797      0.0068052173127
796.5    0.0074725895657
796      0.0071607483087
795.5    0.0072935823817
795      0.0072735077236999995
794.5    0.0071428860077
794      0.0073531032077
793.5    0.0072281849107
793      0.0071724643467
792.5    0.0072284475437
792      0.0074422284497
791.5    0.0071893818217
791      0.0072308387146999996
790.5    0.0076382318047
790      0.0075528262647
789.5    0.0073512112257
789      0.0077664511747
788.5    0.0072489934506999995
788      0.0079414424957
787.5    0.0074487472417
787      0.0080194496087
786.5    0.0075114704207
786      0.0082463919657
785.5    0.0075620547407
785      0.008110265201699999
784.5    0.0076475939247
784      0.0080286883287
783.5    0.0077626895627
783      0.0080788065217
782.5    0.0075739132707
782      0.0082183996687
781.5    0.0080206603277
781      0.0084735322277
780.5    0.008166027208700001
780      0.008258506143699999
779.5    0.0082037061917
779      0.008614122355699999
778.5    0.0084952963057
778      0.0084356981797
777.5    0.0081634204367
777      0.0080830445047
776.5    0.008690747851699999
776      0.008574905293699999
775.5    0.0086556891447
775      0.0087512251457
774.5    0.0087608214937
774      0.0085698454177
773.5    0.0088170892097
773      0.0085358237387
772.5    0.0087982625237
772      0.0087361703167
771.5    0.0092565654317
771      0.0088574620437
770.5    0.0093532637227
770      0.0089934546967
769.5    0.009294973174699999
769      0.0090822050817
768.5    0.0093858711887
768      0.0088268457447
767.5    0.0093423076447
767      0.0090307830367
766.5    0.0095070269427
766      0.0094523862477
765.5    0.0094955912327
765      0.0092120388987
764.5    0.0098515613477
764      0.0094894901387
763.5    0.0098735535987
763      0.0094792698047
762.5    0.0097377611797
762      0.0095489960637
761.5    0.0098898889967
761      0.0098085063047
760.5    0.0098308925057
760      0.0097957145887
759.5    0.0099238319787
759      0.0101068890187
758.5    0.010300870472699999
758      0.0102864768827
757.5    0.0097991502377
757      0.0104700834027
756.5    0.0102953933647
756      0.0105906161017
755.5    0.0102021623867
755      0.0106643079317
754.5    0.0101364315027
754      0.0109305004157
753.5    0.0106404223017
753      0.0108999232257
752.5    0.0107160550077
752      0.0108124692457
751.5    0.0105872540267
751      0.0110301156057
750.5    0.0105105046647
750      0.0113263693157
749.5    0.0106387533717
749      0.0108702224257
748.5    0.0113165829757
748      0.0115412487157
747.5    0.0110272797257
747      0.0115326507457
746.5    0.0112726925457
746      0.011728041295699999
745.5    0.0116229834457
745      0.0117309609857
744.5    0.011639384975699999
744      0.011376020915699999
743.5    0.011996798635699999
743      0.0117077868857
742.5    0.0122330323357
742      0.0120165622357
741.5    0.012309899975699999
741      0.0121034881557
740.5    0.0123582551757
740      0.0122494571357
739.5    0.0125836473457
739      0.0121431047557
738.5    0.0125188841057
738      0.0125220757457
737.5    0.0127891436657
737      0.0125499483657
736.5    0.0130964521757
736      0.0130449258257
735.5    0.0131980576057
735      0.0129217146457
734.5    0.0133386137457
734      0.0130776515657
733.5    0.0133025380357
733      0.0133163393057
732.5    0.0133204427057
732      0.0129524603957
731.5    0.0133457812057
731      0.0133966500457
730.5    0.0137386847757
730      0.0137973888357
729.5    0.0139195681057
729      0.0138598349457
728.5    0.0138357723557
728      0.0141754573657
727.5    0.0137213230557
727      0.0142467957457
726.5    0.0140703129157
726      0.014566760925699999
725.5    0.0141880041457
725      0.0148136741057
724.5    0.0144795546757
724      0.0148220159557
723.5    0.0145121751857
723      0.0152017273457
722.5    0.0147680122857
722      0.0151702318857
721.5    0.0147937298257
721      0.0153824979957
720.5    0.0153875578657
720      0.0153766623257
719.5    0.0153866209557
719      0.0155618446457
718.5    0.0152854923657
718      0.0154663784857
717.5    0.0158512903857
717      0.0157958990457
716.5    0.0161277348657
716      0.0159307582757
715.5    0.0160027336757
715      0.0164821273157
714.5    0.0160889331757
714      0.0162962027357
713.5    0.0164679022957
713      0.0167952305157
712.5    0.0168126332157
712      0.0166962961157
711.5    0.0168210132557
711      0.0169705389557
710.5    0.0174046321357
710      0.0172501704157
709.5    0.0173413245457
709      0.0170588115657
708.5    0.0176440136957
708      0.0173326390357
707.5    0.0177457197057
707      0.0178707404557
706.5    0.0176233737257
706      0.0177361643457
705.5    0.0185076198057
705      0.0181872429757
704.5    0.0185897326557
704      0.0184374372057
703.5    0.0186557839157
703      0.0187180968457
702.5    0.0185916474557
702      0.018998829135699998
701.5    0.0189844960857
701      0.0194066366657
700.5    0.0192330157857
700      0.0193624621757
699.5    0.0193885075357
699      0.0200165505057
698.5    0.0196321210357
698      0.0198744399957
697.5    0.0198823115357
697      0.0203075739057
696.5    0.0203619184457
696      0.0203675510857
695.5    0.0206796205157
695      0.0209395247057
694.5    0.0207249070057
694      0.0210299915157
693.5    0.0207416819857
693      0.0205903662857
692.5    0.0211321147657
692      0.0214183213657
691.5    0.0212573515757
691      0.021753532295699998
690.5    0.0215700077357
690      0.0218304725857
689.5    0.0219248211457
689      0.0223621013157
688.5    0.0218687052357
688      0.0224935183757
687.5    0.0226380950357
687      0.0223804912057
686.5    0.0227561718357
686      0.0233251670857
685.5    0.0233097089957
685      0.0234711667957
684.5    0.0236022653557
684      0.0235666627557
683.5    0.0238409391157
683      0.0240340823757
682.5    0.0243613435457
682      0.0243515329857
681.5    0.0243930476257
681      0.0243377866657
680.5    0.0247660683957
680      0.0248426976157
679.5    0.0249272486657
679      0.0253602223957
678.5    0.0251330579157
678      0.0250714341657
677.5    0.025725246825699998
677      0.0257785184757
676.5    0.0261676064257
676      0.0265134809957
675.5    0.0264680827457
675      0.0269449869657
674.5    0.0270115523157
674      0.027030471195699998
673.5    0.0269640138857
673      0.0272493860257
672.5    0.0274499128157
672      0.0280161122357
671.5    0.0278786043157
671      0.0281040402557
670.5    0.0281308623457
670      0.0284038180957
669.5    0.0287280114857
669      0.0289545501157
668.5    0.0290492153257
668      0.0290417572957
667.5    0.0294015681857
667      0.0293312347057
666.5    0.0299623454457
666      0.0297806891157
665.5    0.0304019501857
665      0.0303477751557
664.5    0.0305357942857
664      0.0308804227557
663.5    0.0310808023857
663      0.0311849279757
662.5    0.031412112945699996
662      0.0313866692157
661.5    0.0316883897857
661      0.0317472065357
660.5    0.0323193720057
660      0.0321157774457
659.5    0.0328455543657
659      0.0326816602157
658.5    0.0327301374157
658      0.0327319218357
657.5    0.033051972695699997
657      0.0332822887657
656.5    0.0337562649057
656      0.0336597314557
655.5    0.0339087186857
655      0.0339778712457
654.5    0.0343758030357
654      0.0345118022057
653.5    0.0348874604757
653      0.0351632660757
652.5    0.0354582308357
652      0.0357682904657
651.5    0.0358370667757
651      0.0360537259357
650.5    0.0360304540457
650      0.0365746444557
649.5    0.0367405800657
649      0.0371244749557
648.5    0.0372407561657
648      0.0375910601157
647.5    0.0374736389657
647      0.0379832922057
646.5    0.0379116995757
646      0.0382958962157
645.5    0.0383569723457
645      0.0391735820557
644.5    0.0387458591257
644      0.0393660827057
643.5    0.0392954474757
643      0.0391872687757
642.5    0.0398899442057
642      0.0402709929757
641.5    0.0402092537357
641      0.0407939045257
640.5    0.0410998477157
640      0.0413123606257
639.5    0.0414846329457
639      0.0419183349657
638.5    0.0419241128957
638      0.0421609146957
637.5    0.0425158380057
637      0.0429502552857
636.5    0.0432345433657
636      0.0433198674157
635.5    0.0434796302157
635      0.0435480675157
634.5    0.0441870069557
634      0.0442359833557
633.5    0.0447251661257
633      0.0446086092357
632.5    0.0449825613257
632      0.0450939437857
631.5    0.0455968095457
631      0.0458781546457
630.5    0.0464361882257
630      0.0464239692757
629.5    0.0469385957857
629      0.0468409596457
628.5    0.0474994941157
628      0.0474340668457
627.5    0.0479855886157
627      0.0479926592257
626.5    0.0484435124757
626      0.0485784424957
625.5    0.0492829172457
625      0.0491470447257
624.5    0.0493606379757
624      0.0500629632257
623.5    0.0502735278057
623      0.0505262775857
622.5    0.0509410104257
622      0.0512133663957
621.5    0.0513536943557
621      0.0515771931457
620.5    0.0521355210357
620      0.0525107657957
619.5    0.0525660267557
619      0.0530976852857
618.5    0.0530010736057
618      0.0534613108757
617.5    0.0539220622257
617      0.0541776208657
616.5    0.0544518394857
616      0.0549725866457
615.5    0.0549687160657
615      0.0554451359857
614.5    0.0556053122957
614      0.056426083155699996
613.5    0.0566777898457
613      0.0572104989057
612.5    0.0573920881857
612      0.0575569360057
611.5    0.0578350102957
611      0.0582287734857
610.5    0.0585819086557
610      0.0592684237757
609.5    0.0594563870257
609      0.0598127743657
608.5    0.0599937936757
608      0.0604533082357
607.5    0.0608420199257
607      0.0612781247557
606.5    0.0615798807257
606      0.0618124878457
605.5    0.0621796114857
605      0.0629303506157
604.5    0.0631795203757
604      0.0635519264757
603.5    0.0639662458057
603      0.0645981519057
602.5    0.0649847774257
602      0.0651378198057
601.5    0.0658670528357
601      0.0660903839857
600.5    0.0665350420857
600      0.0667687220957
599.5    0.0674495114457
599      0.0677567659457
598.5    0.0686576230957
598      0.0689668519857
597.5    0.0695083750857
597      0.0696880160357
596.5    0.0705059333257
596      0.0702400370057
595.5    0.0712508125657
595      0.0715460567257
594.5    0.0722519917857
594      0.0727987526457
593.5    0.0735171301757
593      0.0736166997357
592.5    0.0744955478657
592      0.0746352239057
591.5    0.0751821114257
591      0.0757044939757
590.5    0.0766085399757
590      0.07689593867569999
589.5    0.0773083953657
589      0.0777002661057
588.5    0.0786060555357
588      0.0791819407157
587.5    0.07976308600569999
587      0.0801837755857
586.5    0.0807235701457
586      0.0815572230657
585.5    0.0817878036257
585      0.0828712894157
584.5    0.0830053402557
584      0.0838895826157
583.5    0.0840455828657
583      0.0856211944057
582.5    0.0859143747457
582      0.0867913453357
581.5    0.0869769616557
581      0.0879739312957
580.5    0.0883340551057
580      0.0896344496357
579.5    0.0900773494057
579      0.0910808010457
578.5    0.0912272571157
578      0.0925522162157
577.5    0.0927689461457
577      0.0936421839957
576.5    0.0944238840157
576      0.0955220399857
575.5    0.0960917635357
575      0.0971903069457
574.5    0.0976978628457
574      0.0988275049757
573.5    0.0992763055957
573      0.0999608723957
572.5    0.1014582677057
572      0.1019016592057
571.5    0.1028018607057
571      0.1038447632057
570.5    0.1050183041057
570      0.1054789884057
569.5    0.1067294641057
569      0.1080963923057
568.5    0.1086104228057
568      0.1098804785057
567.5    0.1105441465057
567      0.1118344902057
566.5    0.1123361303057
566      0.1140825091057
565.5    0.1150528951057
565      0.1158655001057
564.5    0.1173644005057
564      0.1185433580057
563.5    0.1193899377057
563      0.1209246977057
562.5    0.1222091182057
562      0.1232397868057
561.5    0.1244954927057
561      0.12568253410570002
560.5    0.12675666940570002
560      0.12801355260570002
559.5    0.12944840030569998
559      0.1304730488057
558.5    0.1319781108057
558      0.1332962526057
557.5    0.13482414320570002
557      0.1360722794057
556.5    0.1375044151057
556      0.1388475014057
555.5    0.1402699067057
555      0.1415359987057
554.5    0.14320452650569998
554      0.14489282800570003
553.5    0.1465359344057
553      0.14759822320569999
552.5    0.1491043730057
552      0.1507618739057
551.5    0.1525105698057
551      0.15382214030570002
550.5    0.1554998918057
550      0.15703182060569998
549.5    0.1586958630057
549      0.16045573490569998
548.5    0.16211728890569999
548      0.1639115377057
547.5    0.1654449119057
547      0.16720980540570002
546.5    0.1690739556057
546      0.1709477170057
545.5    0.1724202795057
545      0.1742723598057
544.5    0.17591411010570002
544      0.17770426110569998
543.5    0.1796104623057
543      0.18150012330569998
542.5    0.18285817040570002
542      0.18482116000569998
541.5    0.18655719000569998
541      0.1882516010057
540.5    0.18988141550569998
540      0.1919610961057
539.5    0.1935514970057
539      0.19515690340570002
538.5    0.1967481090057
538      0.1985751851057
537.5    0.20037895580569998
537      0.20185780660570002
536.5    0.20385944980569998
536      0.2052275999057
535.5    0.2069889320057
535      0.2085475190057
534.5    0.2100273086057
534      0.2117259516057
533.5    0.2129591717057
533      0.2145747705057
532.5    0.21603991230570002
532      0.21698504820570003
531.5    0.21872468430570002
531      0.21979555620570002
530.5    0.2213294221057
530      0.22196670010570002
529.5    0.22339968520570003
529      0.22409394520569997
528.5    0.2254974557057
528      0.2260406478057
527.5    0.2274270369057
527      0.2280394448057
526.5    0.22894835610570002
526      0.22948329290570002
525.5    0.2301169945057
525      0.2306066765057
524.5    0.2313227369057
524      0.2316321893057
523.5    0.2321042581057
523      0.23245619370569998
522.5    0.23243990680569998
522      0.23272311820570002
521.5    0.23267923430569998
521      0.2326902314057
520.5    0.2326503111057
520      0.2324316515057
519.5    0.23196309940569998
519      0.23204381900569998
518.5    0.23161289230569998
518      0.23138353360570002
517.5    0.2306670113057
517      0.23017700150569997
516.5    0.2293772860057
516      0.2288071527057
515.5    0.2275745584057
515      0.2274179174057
514.5    0.22622805970569998
514      0.22530593110570002
513.5    0.2241541608057
513      0.22329142820570003
512.5    0.2220085724057
512      0.2208703621057
511.5    0.2197607620057
511      0.21850775320569998
510.5    0.2173970355057
510      0.21615547080570002
509.5    0.21483364840570002
509      0.21342945230569998
508.5    0.2120958878057
508      0.21090278160569997
507.5    0.20932577680570003
507      0.2078293277057
506.5    0.2065031244057
506      0.2050453587057
505.5    0.20354968440569998
505      0.20206654210570002
504.5    0.20040089030570002
504      0.19879679520569998
503.5    0.19758960740569997
503      0.19586461920569997
502.5    0.19473871720570002
502      0.19318892200569998
501.5    0.19187455010569998
501      0.18998193880570002
500.5    0.1887153252057
500      0.18686433270570002
499.5    0.1857779785057
499      0.1842376156057
498.5    0.18278318780570002
498      0.18119011950570002
497.5    0.1800266816057
497      0.1785219474057
496.5    0.17713765930570002
496      0.17605906860569998
495.5    0.17489041520569998
495      0.1729842587057
494.5    0.1720993383057
494      0.1706834002057
493.5    0.1698014303057
493      0.16841884090569997
492.5    0.1673046066057
492      0.1660946621057
491.5    0.16489040990569998
491      0.1638412489057
490.5    0.1630570455057
490      0.16208216680569998
489.5    0.1609928919057
489      0.15998138620570002
488.5    0.15873351830569998
488      0.1581303938057
487.5    0.1571315391057
487      0.15637134150569998
486.5    0.1551280929057
486      0.15463927520569998
485.5    0.1534613682057
485      0.1529185040057
484.5    0.15155403450569999
484      0.15169295800569998
483.5    0.15051204100569998
483      0.1500440551057
482.5    0.1490918411057
482      0.14865732330569997
481.5    0.14776721730570003
481      0.14740999180570002
480.5    0.1467383517057
480      0.14602898200570003
479.5    0.14511890840570002
479      0.1448628469057
478.5    0.14422759550570002
478      0.1437353058057
477.5    0.14302183820570002
477      0.1427426799057
476.5    0.1422204240057
476      0.1417836858057
475.5    0.14141012860570001
475      0.1408195211057
474.5    0.14044879510570002
474      0.1402042075057
473.5    0.13970808820570002
473      0.1392366304057
472.5    0.13924154770570002
472      0.13857953380569998
471.5    0.13831298190570002
471      0.1380619718057
470.5    0.1376321776057
470      0.13728030160569998
469.5    0.1371905370057
469      0.1366401477057
468.5    0.1367506249057
468      0.1361105306057
467.5    0.13618759950569997
467      0.13577141000569998
466.5    0.13561117780569998
466      0.1351377977057
465.5    0.1351727559057
465      0.13482587170569998
464.5    0.1347882314057
464      0.13427618280569997
463.5    0.1342114224057
463      0.1340516968057
462.5    0.13410703970569998
462      0.13354894650569998
461.5    0.1335181607057
461      0.1332865520057
460.5    0.1336166723057
460      0.13290955260569998
459.5    0.13310922820569998
459      0.1327738477057
458.5    0.13252556460569997
458      0.1325277998057
457.5    0.13253393900569999
457      0.13248825210569998
456.5    0.1324335350057
456      0.1320233806057
455.5    0.1321415468057
455      0.1319492473057
454.5    0.13169983160569998
454      0.1317836805057
453.5    0.13176673790569998
453      0.1318580224057
452.5    0.13138297330569998
452      0.1316672130057
451.5    0.1312808855057
451      0.13158156110570002
450.5    0.13123208420569998
450      0.1314052208057
449.5    0.13103763890570003
449      0.13140399890569998
448.5    0.13097922640569998
448      0.1314501925057
447.5    0.13113209740569998
447      0.1313565089057
446.5    0.1308756633057
446      0.1312669380057
445.5    0.13105496900570002
445      0.13129542900570002
444.5    0.1307831122057
444      0.1312161846057
443.5    0.1309653236057
443      0.1310126199057
442.5    0.13081586500570003
442      0.1309738173057
441.5    0.1312059028057
441      0.13098324970570002
440.5    0.13108167190570003
440      0.1311643435057
439.5    0.1314245625057
439      0.13128511740569998
438.5    0.1313255741057
438      0.13070832330569998
437.5    0.13160500060570002
437      0.13116721940569998
436.5    0.13152066010570002
436      0.1311429603057
435.5    0.13159692420570002
435      0.13119392230569998
434.5    0.1315021677057
434      0.13121450080570002
433.5    0.1319409622057
433      0.13131427900569997
432.5    0.13191932570569997
432      0.1314178123057
431.5    0.1318564875057
431      0.13171130550569998
430.5    0.1324052824057
430      0.1318607940057
429.5    0.1324258311057
429      0.13224090770570002
428.5    0.1322672828057
428      0.13222548500570003
427.5    0.1325132264057
427      0.1323914094057
426.5    0.1323970868057
426      0.13259035480569997
425.5    0.13278718430570002
425      0.13280756910570002
424.5    0.1326139583057
424      0.1330927624057
423.5    0.1327778114057
423      0.1331216557057
422.5    0.13328360160570002
422      0.13351763920569998
421.5    0.13313724240570002
421      0.1335197850057
420.5    0.13354219630570002
420      0.1335706277057
419.5    0.13361610610570002
419      0.1342627420057
418.5    0.13376906650569997
418      0.13447564970569997
417.5    0.13392561810569997
417      0.13443941010569999
416.5    0.1342924847057
416      0.13470655810569998
415.5    0.1342091723057
415      0.1348558380057
414.5    0.13454872500569998
414      0.13515786960569998
413.5    0.13467624920569998
413      0.1352931275057
412.5    0.13552619650570003
412      0.13572941850569997
411.5    0.1358221336057
411      0.13563452800569997
410.5    0.13601049920570002
410      0.1362055554057
409.5    0.13638110590570002
409      0.13637572660570002
408.5    0.1365554197057
408      0.13672340050569998
407.5    0.13654934000570002
407      0.13680651920569997
406.5    0.13735272120570002
406      0.1368928565057
405.5    0.1375493868057
405      0.1374766840057
404.5    0.1377275302057
404      0.1376331611057
403.5    0.1377611025057
403      0.13834197950569999
402.5    0.13852422070569997
402      0.13819007710570003
401.5    0.13849742850570002
401      0.1385676576057
400.5    0.1390165104057
400      0.13907106360569998
399.5    0.1389909251057
399      0.1394267394057
398.5    0.13960704340570002
398      0.13965690270570003
397.5    0.1399183585057
397      0.1397205307057
396.5    0.14010651540570002
396      0.1404752447057
395.5    0.1406148835057
395      0.1406407370057
394.5    0.14089013770570002
394      0.1407900466057
393.5    0.14145106210570002
393      0.1410419954057
392.5    0.14142350990570002
392      0.14201088380569998
391.5    0.1419684304057
391      0.1423311694057
390.5    0.1422337158057
390      0.14252253010569998
389.5    0.14289805430570002
389      0.14274405080570002
388.5    0.1431479020057
388      0.14336222540569998
387.5    0.14323999120570002
387      0.1436955942057
386.5    0.14333892000569998
386      0.14411267770570002
385.5    0.1444205804057
385      0.1450693174057
384.5    0.14441304040570002
384      0.14470298720570002
383.5    0.14503803980570001
383      0.14523495870570002
382.5    0.1450694366057
382      0.14545327560569998
381.5    0.1455634101057
381      0.1459160908057
380.5    0.1459522857057
380      0.14584326880569998
379.5    0.1461677416057
379      0.14644426240570002
378.5    0.1469649984057
378      0.14675396820570002
377.5    0.1470787092057
377      0.14752966300569997
376.5    0.14728643130570002
376      0.14745000140570003
375.5    0.1479293419057
375      0.14837218960569998
374.5    0.14732389290570003
374      0.14802949270569998
373.5    0.1479386701057
373      0.14823261040570002
372.5    0.1486913426057
372      0.1486730738057
371.5    0.14895054830569998
371      0.1491045816057
370.5    0.14953780310569997
370      0.14910878380569997
369.5    0.1491620703057
369      0.14986109870570002
368.5    0.15004858510570002
368      0.15079449250569998
367.5    0.1501359357057
367      0.15028405320569999
366.5    0.15009446580570002
366      0.1503008468057
365.5    0.15037325160569998
365      0.15107877690569999
364.5    0.15080198780569998
364      0.15219596160569998
363.5    0.1502536996057
363      0.1522237374057
362.5    0.1508590741057
362      0.15233013170569998
361.5    0.15156681970570002
361      0.15179863710570002
360.5    0.15176294880570002
360      0.15140900150570002
359.5    0.1521079703057
359      0.1517974003057
358.5    0.15207947930569998
358      0.1523553146057
357.5    0.15242210170569997
357      0.15283277770569997
356.5    0.1536525352057
356      0.1526566608057
355.5    0.15142917770570002
355      0.1519071026057
354.5    0.15356031190570002
354      0.15310700370570002
353.5    0.1522157355057
353      0.15219992530569998
352.5    0.15222963830570002
352      0.15233168140570003
351.5    0.15429076690569998
351      0.15281261640569999
350.5    0.1541400565057
350      0.14908960459999998
349.5    0.1494056136
349      0.16038233039999997
348.5    0.15638479589999998
348      0.15879301729999998
347.5    0.1591331512
347      0.15760873259999997
346.5    0.16024939719999998
346      0.1575704217
345.5    0.16074453299999997
345      0.15780508519999997
344.5    0.1603529751
344      0.15897895399999998
343.5    0.15924784539999998
343      0.16101013129999997
342.5    0.158888489
342      0.1608635634
341.5    0.15924648939999997
341      0.1617961526
340.5    0.15971648689999998
340      0.1602347642
339.5    0.16189850869999997
339      0.1610121131
338.5    0.16253823039999998
338      0.16177417339999997
337.5    0.1622431576
337      0.16255207359999999
336.5    0.1628031582
336      0.1636874974
335.5    0.16213852169999998
335      0.16382743419999998
334.5    0.1628260911
334      0.16474525629999998
333.5    0.16366009419999997
333      0.1646866352
332.5    0.16494043169999997
332      0.1649300754
331.5    0.16610473399999998
331      0.16500298679999997
330.5    0.1664781869
330      0.16605812309999998
329.5    0.16643026469999997
329      0.16641040149999997
328.5    0.16717962919999999
328      0.16861046849999997
327.5    0.16776588559999997
327      0.16913734379999998
326.5    0.16843490299999997
326      0.169939816
325.5    0.16870482269999998
325      0.1699502915
324.5    0.17061068119999998
324      0.17024011909999998
323.5    0.1712838262
323      0.17069417239999998
322.5    0.17245580259999999
322      0.17164665459999998
321.5    0.1730671525
321      0.1726927012
320.5    0.1733217687
320      0.17385454479999998
319.5    0.1738229394
319      0.17548234759999998
318.5    0.1744255424
318      0.17605328559999997
317.5    0.17590406539999998
317      0.1764575839
316.5    0.17708516119999998
316      0.17689706389999998
315.5    0.17785267529999998
315      0.1777013391
314.5    0.178685084
314      0.17872734369999999
313.5    0.1794567704
313      0.18011626599999997
312.5    0.17982099949999997
312      0.18094708029999998
311.5    0.18068747219999998
311      0.18181262909999998
310.5    0.18184553089999997
310      0.18291921919999998
309.5    0.18260300159999998
309      0.18353904789999997
308.5    0.18453408779999997
308      0.18438982959999997
307.5    0.18524801729999998
307      0.18554030359999998
306.5    0.186146602
306      0.18573993449999998
305.5    0.187030226
305      0.1876066923
304.5    0.1879416108
304      0.18870273229999998
303.5    0.18828913569999997
303      0.1901814193
302.5    0.1899245083
302      0.190709427
301.5    0.19067600369999999
301      0.19177834689999998
300.5    0.19191320239999998
300      0.192600742
299.5    0.19382840399999998
299      0.19317853449999997
298.5    0.19488754869999997
298      0.19430288669999998
297.5    0.19546331469999997
297      0.19589860739999998
296.5    0.19653940199999997
296      0.1969928593
295.5    0.19750770929999997
295      0.19794972239999997
294.5    0.19777356089999998
294      0.1990350336
293.5    0.19899252059999997
293      0.20030803979999998
292.5    0.20064917209999997
292      0.20143984259999997
291.5    0.2018957883
291      0.20257781449999998
290.5    0.20265629889999998
290      0.2034850717
289.5    0.20385341349999997
289      0.20509883759999997
288.5    0.2049276829
288      0.2058705688
287.5    0.20740848779999999
287      0.20730368789999998
286.5    0.2075393796
286      0.2085849792
285.5    0.2086805701
285      0.20989829299999999
284.5    0.21097436549999998
284      0.21150350569999998
283.5    0.2118113041
283      0.21275219319999997
282.5    0.21297450369999998
282      0.21398259699999997
281.5    0.21426498889999998
281      0.21534752849999997
280.5    0.21639852229999998
280      0.2168793231
279.5    0.2170781046
279      0.2187882215
278.5    0.21871490779999997
278      0.2194798887
277.5    0.2201147378
277      0.22094064949999997
276.5    0.22138093409999998
276      0.22227622569999997
275.5    0.2231123299
275      0.22350673379999997
274.5    0.2243529409
274      0.22433996199999998
273.5    0.22553628679999999
273      0.22562021019999998
272.5    0.2266664654
272      0.22696247699999997
271.5    0.22754600649999998
271      0.22856245939999997
270.5    0.2288801968
270      0.229703784
269.5    0.23019401729999997
269      0.2305027545
268.5    0.23055620489999998
268      0.23145401479999997
267.5    0.23250620069999997
267      0.2323996276
266.5    0.23330622909999998
266      0.23274798689999998
265.5    0.233815372
265      0.23312541839999998
264.5    0.23422840239999998
264      0.2339807302
263.5    0.23512220379999998
263      0.2349539697
262.5    0.23562982679999997
262      0.23528684679999998
261.5    0.2349181771
261      0.2360481024
260.5    0.23568665979999998
260      0.236566335
259.5    0.23592400549999998
259      0.23603329059999997
258.5    0.23690089579999998
258      0.23670153319999998
257.5    0.23680731659999998
257      0.23652525249999998
256.5    0.23709031939999997
256      0.2371765524
255.5    0.23645086589999997
255      0.23677320779999997
254.5    0.2368626297
254      0.23691600559999998
253.5    0.23691122239999998
253      0.2371873409
252.5    0.23650203649999998
252      0.23746234179999998
251.5    0.2370976359
251      0.23690865939999997
250.5    0.23722143469999998
250      0.23711587489999997
249.5    0.2365273684
249      0.23661047219999998
248.5    0.2369031012
248      0.23714630309999998
247.5    0.23712305729999997
247      0.23707258699999997
246.5    0.23679725829999998
246      0.237128824
245.5    0.23693671819999998
245      0.23706309499999997
244.5    0.23684620859999997
244      0.23640948539999998
243.5    0.23732639849999998
243      0.23640349509999997
242.5    0.23711118099999998
242      0.23657359179999998
241.5    0.2370077074
241      0.2362529785
240.5    0.23713894189999998
240      0.23640701179999998
239.5    0.23664303129999997
239      0.2371058911
238.5    0.23661448059999998
238      0.23699299989999997
237.5    0.23652075229999997
237      0.2365749478
236.5    0.237061739
236      0.23663428429999997
235.5    0.23726922279999998
235      0.23716761169999998
234.5    0.23788052799999998
234      0.2372364849
233.5    0.23798330129999998
233      0.23758164049999997
232.5    0.23812024299999998
232      0.23838007449999998
231.5    0.23805907369999998
231      0.23840548099999997
230.5    0.2382815629
230      0.2388379872
229.5    0.23898623889999998
229      0.2394903302
228.5    0.2394845188
228      0.24022889139999998
227.5    0.24010731279999997
227      0.24077042939999999
226.5    0.24083572629999997
226      0.24126178029999998
225.5    0.24168962239999997
225      0.2424951047
224.5    0.24232925479999998
224      0.24217458069999998
223.5    0.2423224151
223      0.2435162366
222.5    0.24343825879999997
222      0.24409905079999997
221.5    0.2435844243
221      0.24407437449999997
220.5    0.24420265849999997
220      0.24465303119999998
219.5    0.24458973109999999
219      0.2450625748
218.5    0.2446334213
218      0.24416251479999998
217.5    0.24475727979999998
217      0.24408763649999998
216.5    0.24444063009999997
216      0.244314611
215.5    0.2434933335
215      0.24324059489999997
214.5    0.24332603809999998
214      0.24297147989999998
213.5    0.24190083149999997
213      0.24161995949999998
212.5    0.24146032329999997
212      0.2407140732
211.5    0.24003867809999999
211      0.2389032692
210.5    0.23815043269999997
210      0.236871019
209.5    0.23728692529999998
209      0.23597501219999997
208.5    0.23474454879999998
208      0.23400475089999997
207.5    0.23323874179999998
207      0.23181739449999997
206.5    0.23090067509999998
206      0.23057843749999998
205.5    0.22858662899999999
205      0.22784629469999998
204.5    0.22662520409999998
204      0.2258031666
203.5    0.22485585509999997
203      0.22418786589999998
202.5    0.22363306579999997
202      0.22258296609999997
201.5    0.22224223619999997
201      0.22164121269999998
200.5    0.22109213469999997
200      0.22033090889999998
